Q9NYV4/CDK12/D877N	0.01610640614611632	0.9463685691736721	0.037525024680211634	1
P07333/CSF1R/E633K	0.11049937543629813	0.6641240397879511	0.225376584775751	1
P07333/CSF1R/G765D	0.10753134970910606	0.6694922486947018	0.2229764015961923	1
P07333/CSF1R/M766T	0.12844391130841384	0.5836024082499747	0.2879536804416117	1
P07333/CSF1R/I775N	0.13813564239067402	0.6156303871862243	0.24623397042310166	1
P07333/CSF1R/A781E	0.09642171936298491	0.6273666739127148	0.2762116067243004	1
P07333/CSF1R/R782H	0.127631234457448	0.651179278878438	0.22118948666411445	1
P07333/CSF1R/I794T	0.1123642535983254	0.6319250415632112	0.2557107048384637	1
P07333/CSF1R/P824S	0.18668717213316552	0.5361602575515779	0.27715257031525664	1
P07333/CSF1R/M875T	0.1398739404534559	0.5188230916742884	0.3413029678722559	1
P07333/CSF1R/Y809F	0.08019583660170962	0.5759510190261244	0.343853144372166	1
P07333/CSF1R/Y708F	0.3381414901428848	0.2199771920467878	0.44188131781032747	2
P07333/CSF1R/D802V	0.016905386241525436	0.02108279050510244	0.962011823253372	2
O94921/CDK14/K164R	0.004755082300024715	0.9539095664119597	0.04133535128801593	1
Q00534/CDK6/D110N	0.7432160423294802	0.0815767086474585	0.1752072490230611	0
O96017/CHEK2/H371Y	0.5243465334825648	0.1837224665258898	0.29193099999154504	1
O96017/CHEK2/D347A	0.015818832051976223	0.9363529525519586	0.04782821539606526	1
O96017/CHEK2/D368N	0.0258849409262923	0.9196444360242411	0.0544706230494667	1
O96017/CHEK2/T383A	0.02038362893170791	0.8542402786615544	0.12537609240673775	1
O96017/CHEK2/T387A	0.08034548189553742	0.7645031833671159	0.15515133473734666	1
O96017/CHEK2/Y390C	0.08597962644974755	0.6452447227813886	0.26877565076886384	1
O96017/CHEK2/S379A	0.19599491018141146	0.5334328810101548	0.2705722088084338	1
O96017/CHEK2/I448S	0.6483905181845607	0.12946113149341362	0.22214835032202576	0
Q96Q40/CDK15/T255I	0.5257783641403568	0.21641737494480492	0.2578042609148384	0
Q00536/CDK16/K194A	0.002736705577172503	0.9962090352283921	0.0010542591944353306	1
Q00536/CDK16/K194R	0.0	0.9711629451588345	0.028837054841165513	1
P06493/CDK1/Y15F	0.09173037929634054	0.22065578957177365	0.687613831131886	2
Q8IZL9/CDK20/T161A	0.22919997668263722	0.5999533873940417	0.1708466359233214	1
P24941/CDK2/T14A	0.12552668351773877	0.27624925380310367	0.5982240626791577	2
P24941/CDK2/Y15F	0.08850197972224194	0.18448385995282457	0.7270141603249338	2
P24941/CDK2/K9F	0.16589427339968515	0.43800208563626924	0.39610364096404566	1
P24941/CDK2/T160A	0.04810549163261728	0.8506669009423397	0.10122760742504289	1
P24941/CDK2/L166R	0.23713424455224597	0.3900598654635845	0.37280588998416986	1
P24941/CDK2/T290S	0.8572703939222249	0.035415718651835335	0.1073138874259402	0
Q00526/CDK3/T226I	0.8915119594270118	0.04030671588730492	0.06818132468568378	0
Q00535/CDK5/S159T	0.22233746851163194	0.5279092519473915	0.2497532795409766	1
P41240/CSK/Y304F	0.21371768742411248	0.38428938371111904	0.40199292886476845	1
P41240/CSK/S364A	0.12791015885858975	0.5281735182872108	0.3439163228541994	1
P41240/CSK/G287D	0.8380313463539163	0.042644229679947375	0.11932442396613686	0
Q9HAZ1/CLK4/K189R	0.0	0.9965541859537056	0.0034458140462943817	1
Q9HAZ1/CLK4/L352F	0.3630606277387093	0.23617747197264918	0.40076190028864145	0
O14757/CHEK1/K38R	0.008802040723825028	0.9163480725670887	0.07484988670908668	1
O14757/CHEK1/D130A	0.008349253438607844	0.9581053857254459	0.03354536083594626	1
O14757/CHEK1/K132R	0.08292299077387946	0.6896976215349632	0.22737938769115737	1
P31749/AKT1/K179M	0.0	0.9979494333384961	0.0020505666615039707	1
P31749/AKT1/T305Y	0.2679829369020973	0.33774493078884865	0.3942721323090542	1
P31749/AKT1/T312Y	0.06644535128158378	0.7609069133668619	0.1726477353515542	1
P31749/AKT1/Y176F	0.17508356404322828	0.3903191612659048	0.434597274690867	1
P31749/AKT1/T305A	0.20471222008014048	0.26743940559348667	0.527848374326373	2
P31749/AKT1/T312A	0.09147396425992219	0.6026449390819533	0.3058810966581248	2
P31749/AKT1/T308D	0.012379802483820274	0.11208408805064991	0.8755361094655304	2
Q15131/CDK10/P96L	0.5422223159310634	0.23750969572996347	0.22026798833897307	0
Q9UPZ9/CILK1/R272Q	0.11702348820186442	0.6867129105258819	0.19626360127225373	1
Q9UPZ9/CILK1/T157A	0.02795792799158168	0.9011075736243136	0.07093449838410466	1
Q9UPZ9/CILK1/Y159F	0.06713096899714771	0.8282299911235124	0.10463903987933981	1
Q16832/DDR2/L610P	0.14615202029698773	0.41861157680188216	0.43523640290113014	2
Q16832/DDR2/Y740C	0.03980453429112089	0.37163371387978855	0.5885617518290907	2
Q16832/DDR2/K608A	0.002736705577172503	0.9955258925562575	0.0017374018665700169	1
Q16832/DDR2/Y736F	0.11634232369758489	0.3575185107241057	0.5261391655783095	1
Q16832/DDR2/Y740F	0.05764562863960682	0.3019529213865906	0.6404014499738028	2
Q16832/DDR2/Y741F	0.08549222061622042	0.571020676420168	0.3434871029636116	1
Q9BWU1/CDK19/Y32H	0.10253610243188764	0.3147635501013026	0.5827003474668102	2
Q9BWU1/CDK19/G28R	0.0787845138082559	0.5305112447527551	0.39070424143898896	1
P11802/CDK4/T172A	0.06361490919001542	0.8754089018303095	0.060976188979674856	1
P11802/CDK4/P173S	0.3898341512935646	0.3400584158681306	0.27010743283830474	1
P11802/CDK4/R24C	0.1618590846370034	0.24082499524648032	0.5973159201165165	2
Q5MAI5/CDKL4/S288Y	0.6036511539033182	0.12001790648928122	0.2763309396074005	0
Q9UQB9/AURKC/K72R	0.004046958423800313	0.9733834081344394	0.022569633441760252	1
Q9UQB9/AURKC/D166Y	0.011777863080165098	0.9326875820003923	0.05553455491944278	1
Q9UQB9/AURKC/T198A	0.013828899713789805	0.9041803346370019	0.08199076564920833	1
Q13627/DYRK1A/K188R	0.0	0.9965541859537056	0.0034458140462943817	1
Q13627/DYRK1A/Y321F	0.07318075485052888	0.809732917789822	0.11708632735964898	1
P20594/NPR2/L658F	0.4583820314378018	0.24855743882546405	0.29306052973673397	1
P21802/FGFR2/E565G	0.11611979545804502	0.37389639087448445	0.5099838136674708	2
P21802/FGFR2/K526E	0.3422416266030004	0.15922879747754093	0.4985295759194587	2
P21802/FGFR2/K659N	0.07912213523622721	0.13750503291419394	0.783372831849579	2
P21802/FGFR2/A628T	0.15385160489997365	0.6016408180178946	0.24450757708213175	1
P57059/SIK1/K56M	0.0	0.9979494333384961	0.0020505666615039707	1
P57059/SIK1/S135A	0.23348194143730705	0.4928219805576404	0.27369607800505286	1
P57059/SIK1/T182A	0.010009757270778227	0.8897231433337163	0.1002670993955054	1
P57059/SIK1/S186A	0.12443626476513922	0.6538409618544803	0.2217227733803808	1
P57059/SIK1/S209A	0.3631520275248146	0.3977210124878782	0.2391269599873075	1
P57059/SIK1/S248A	0.19286876346474036	0.5446665199659054	0.2624647165693545	1
P57059/SIK1/S186T	0.24184598229419624	0.5487954436035102	0.2093585741022936	1
Q6PHR2/ULK3/K44R	0.0	0.9965541859537056	0.0034458140462943817	1
Q6PHR2/ULK3/K139R	0.17791231080927086	0.5488309764015217	0.2732567127892076	1
Q6PHR2/ULK3/R101H	0.674540275537383	0.12630430024524084	0.19915542421737611	0
Q8TAS1/UHMK1/K54A	0.002736705577172503	0.9955258925562575	0.0017374018665700169	1
Q9Y243/AKT3/T305D	0.012379802483820274	0.0938746811874087	0.8937455163287715	2
Q08345/DDR1/G707A	0.1976310709807482	0.36804042565716744	0.4343285033620847	2
Q08345/DDR1/Y740F	0.15678968112220212	0.29192701044735125	0.5512833084304468	1
Q96SB4/SRPK1/S555A	0.14782469640692297	0.560975050415507	0.29120025317757015	1
Q9Y2K2/SIK3/R187C	0.09538420825772805	0.5314012137993736	0.3732145779428987	1
Q9Y2K2/SIK3/T221A	0.013043250101528268	0.9109313094002042	0.07602544049826747	1
P30530/AXL/K567M	0.0	0.9986325760106307	0.0013674239893692842	1
P45983/MAPK8/K55D	0.002736705577172503	0.9963319109376946	0.0009313834851328712	1
P45983/MAPK8/T183A	0.027158665394216807	0.8909884537626293	0.08185288084315392	1
P45983/MAPK8/Y185F	0.05087367075028009	0.8509274254367667	0.09819890381295321	1
Q86Y07/VRK2/I167V	0.642305717631685	0.14112620243055213	0.21656807993776295	0
Q96PN8/TSSK3/I71V	0.8808243166176922	0.027668181155635085	0.09150750222667335	0
Q13043/STK4/K59R	0.0022829251688275373	0.914086100325737	0.08363097450543545	1
Q13043/STK4/T183A	0.014949223809721836	0.919375100832664	0.06567567535761407	1
Q96BR1/SGK3/K191M	0.0	0.9979494333384961	0.0020505666615039707	1
Q15303/ERBB4/I947R	0.21186445195976927	0.21949199043981904	0.568643557600412	2
Q15303/ERBB4/R927Q	0.5454170047074878	0.253023564249977	0.20155943104253501	1
Q15303/ERBB4/K751R	0.018732200531146378	0.9409018492628607	0.040365950205993185	1
Q15303/ERBB4/M766R	0.1950211438983903	0.41767267622010595	0.3873061798815038	1
Q15303/ERBB4/D843N	0.08491276627366937	0.727257637272527	0.1878295964538036	1
Q15303/ERBB4/D861Y	0.025591386030294365	0.9390945713493828	0.03531404262032287	1
Q15303/ERBB4/L864R	0.11331505739435112	0.42031100494106455	0.4663739376645845	1
Q9BYP7/WNK3/D294A	0.020117946485866556	0.9560806862065239	0.02380136730760954	1
O75385/ULK1/K46I	0.0	0.9986325760106307	0.0013674239893692842	1
Q9BQI3/EIF2AK1/I448V	0.6714720730486313	0.18495268086119998	0.1435752460901687	1
Q9BQI3/EIF2AK1/K558R	0.8713139405759542	0.058441551517647634	0.0702445079063986	0
Q9UM73/ALK/R1275Q	0.13784151106297107	0.2893061367159113	0.5728523522211177	2
P21860/ERBB3/T787P	0.20626502711781214	0.5572156474646394	0.23651932541754872	1
P21860/ERBB3/V899M	0.366040494761058	0.3566929897087469	0.2772665155301951	1
P21860/ERBB3/K742M	0.0	0.9986325760106307	0.0013674239893692842	1
P21860/ERBB3/Y868E	0.3018513621109401	0.27169873049880244	0.4264499073902577	1
P21860/ERBB3/T873S	0.373137310211157	0.35596690661022934	0.2708957831786136	1
P21860/ERBB3/Q932R	0.2740893589475877	0.3314429858686491	0.39446765518376325	1
P42685/FRK/K262R	0.0	0.9898935908449458	0.010106409155054253	1
Q09013/DMPK/K100A	0.002736705577172503	0.9955258925562575	0.0017374018665700169	1
P50613/CDK7/K41A	0.002736705577172503	0.9962090352283921	0.0010542591944353306	1
P50613/CDK7/T170A	0.058604779237743786	0.8455756134892582	0.09581960727299776	1
P50613/CDK7/T285M	0.3892499129950734	0.35576055351170255	0.25498953349322406	0
P51813/BMX/Y566F	0.06791289871253099	0.5672883013651762	0.36479879992229286	1
P31751/AKT2/R274H	0.10175369437834175	0.48160029554682204	0.4166460100748365	2
Q9NR20/DYRK4/K133R	0.0	0.9965541859537056	0.0034458140462943817	1
Q9NR20/DYRK4/Y264F	0.05520966386728046	0.790074637642913	0.1547156984898066	1
Q9NR20/DYRK4/N189S	0.3735196218342093	0.24766959834227303	0.3788107798235177	0
Q92630/DYRK2/K251R	0.0	0.9965541859537056	0.0034458140462943817	1
Q92630/DYRK2/H245N	0.733583691066847	0.0717586149742334	0.19465769395891983	0
Q9UIK4/DAPK2/K52A	0.002736705577172503	0.9955258925562575	0.0017374018665700169	1
P54753/EPHB3/K665R	0.006219596341348975	0.9820536892287837	0.011726714429867233	1
Q8TDC3/BRSK1/K59A	0.17777981344021498	0.5798732236255847	0.24234696293420024	1
Q8TDC3/BRSK1/T189A	0.014048656904496762	0.907970519467622	0.07798082362788131	1
Q8TDC3/BRSK1/T189E	0.01369038512497969	0.16664188558100862	0.8196677292940115	2
P53355/DAPK1/K42A	0.002736705577172503	0.9955258925562575	0.0017374018665700169	1
Q9BZL6/PRKD2/D695A	0.00976982446450259	0.9694022740629206	0.020827901472576963	1
Q9BZL6/PRKD2/Y717F	0.12167094536140166	0.591088469438324	0.2872405852002746	1
P41743/PRKCI/K274W	0.22658580646465018	0.42814311366555513	0.3452710798697949	1
P49137/MAPKAPK2/S272D	0.06960443447098696	0.18958114910812307	0.7408144164208899	2
P49137/MAPKAPK2/T222D	0.011099067264848184	0.1198692572029949	0.8690316755321572	2
P49137/MAPKAPK2/K93R	0.01097467864137369	0.9377655862779827	0.051259735080643826	1
P49137/MAPKAPK2/D207A	0.005546670669338434	0.9864111101408439	0.0080422191898177	1
P49137/MAPKAPK2/T222A	0.0334811816815856	0.8889348299468023	0.07758398837161204	1
P49137/MAPKAPK2/S272A	0.11536645279986275	0.5601121446680142	0.3245214025321232	1
Q8IW41/MAPKAPK5/S212D	0.1397179594321276	0.14151246458643757	0.7187695759814346	2
Q8IW41/MAPKAPK5/T182D	0.05362367697660574	0.15798130368428617	0.7883950193391085	2
Q8IW41/MAPKAPK5/K51M	0.0	0.9962605325914309	0.003739467408569071	1
Q6P0Q8/MAST2/I659M	0.7988678742543859	0.06441334058668331	0.13671878515893118	0
O75582/RPS6KA5/D195A	0.05352395579733172	0.9116272646515304	0.03484877955113792	1
O75582/RPS6KA5/D565A	0.01469034233852776	0.9632777140402043	0.022031943621267872	1
O75582/RPS6KA5/T581A	0.020933909597693357	0.871821814507423	0.10724427589488332	1
O75582/RPS6KA5/S212A	0.013957153197306891	0.8923374759320218	0.09370537087067127	1
Q99683/MAP3K5/K709M	0.0	0.9986325760106307	0.0013674239893692842	1
Q99683/MAP3K5/K709R	0.0	0.9965541859537056	0.0034458140462943817	1
P20794/MAK/G13S	0.08388593356115552	0.8044813134483714	0.11163275299047286	1
P20794/MAK/N130H	0.05638460173184759	0.7826669950765658	0.1609484031915865	1
P20794/MAK/K33R	0.0	0.9965541859537056	0.0034458140462943817	1
P20794/MAK/T157A	0.027458992072924782	0.9016065095429705	0.07093449838410466	1
P20794/MAK/Y159F	0.04553542327381865	0.8379530927216807	0.11651148400450065	1
P08581/MET/H1094L	0.16872508925090404	0.2333083825752797	0.5979665281738166	2
P08581/MET/H1094Y	0.20029168149490065	0.17714053156934603	0.6225677869357537	2
P08581/MET/H1106D	0.23636052824906625	0.24879170213006488	0.514847769620869	2
P08581/MET/V1092I	0.3084577660057063	0.24129727308921045	0.4502449609050832	2
P08581/MET/Y1230D	0.06678546342921542	0.23928890663857894	0.6939256299322056	2
P08581/MET/Y1234C	0.06142366910684964	0.455708078878861	0.48286825201428935	1
P08581/MET/N1100Y	0.5462849905380402	0.12050651583775535	0.33320849362420446	2
O76039/CDKL5/A40V	0.3244881019261136	0.49430772401002804	0.1812041740638586	1
O76039/CDKL5/C152F	0.18518724241709766	0.5434905971802795	0.271322160402623	1
O76039/CDKL5/L220P	0.16541670559809518	0.6433877706653659	0.19119552373653892	1
Q15835/GRK1/K219A	0.002736705577172503	0.9962090352283921	0.0010542591944353306	1
P08069/IGF1R/R1256S	0.1114422384648518	0.6738844133348454	0.21467334820030293	1
P08069/IGF1R/K1033A	0.002736705577172503	0.9939230113930725	0.0033402830297549397	1
O43683/BUB1/K821A	0.12531440793944373	0.5833870439831259	0.2912985480774306	1
Q96GD4/AURKB/K106R	0.004046958423800313	0.9733834081344394	0.022569633441760252	1
Q96GD4/AURKB/K215Q	0.15630163752137263	0.30547509965847036	0.5382232628201571	2
Q96GD4/AURKB/K215R	0.21285006515763988	0.40190037798856737	0.385249556853793	1
Q96GD4/AURKB/M298T	0.8797116260223377	0.03624146434574226	0.08404690963192049	0
Q16644/MAPKAPK3/K73M	0.0	0.9962605325914309	0.003739467408569071	1
Q8IVH8/MAP4K3/K48E	0.37597409237661766	0.30870323354187035	0.3153226740815118	1
Q8IVH8/MAP4K3/K45E	0.002736705577172503	0.9892985776043612	0.007964716818466205	1
P22607/FGFR3/K650D	0.028738016382247492	0.1003450229258315	0.8709169606919208	2
P22607/FGFR3/K650E	0.06031690232278594	0.11423255044739729	0.8254505472298167	2
P22607/FGFR3/K650L	0.04935033494773872	0.1896452320412261	0.7610044330110354	2
P22607/FGFR3/K508A	0.002736705577172503	0.9955258925562575	0.0017374018665700169	1
P22607/FGFR3/Y724F	0.12676632339167157	0.4414994679554273	0.43173420865290124	1
P22607/FGFR3/K650M	0.04426133436715969	0.15422297299895668	0.8015156926338837	2
P22607/FGFR3/K650Q	0.1491827390530856	0.14898626312118193	0.7018309978257323	2
P22607/FGFR3/Y577F	0.1581653348873997	0.2542409130029947	0.5875937521096058	2
Q9Y463/DYRK1B/D239A	0.01184842425121149	0.9553564983166275	0.03279507743216108	1
O00311/CDC7/F162L	0.7791302653078628	0.07135923120358498	0.1495105034885524	0
O00311/CDC7/K441R	0.7414749584415926	0.12358412333696926	0.13494091822143792	0
O43293/DAPK3/T112M	0.4205084420526539	0.28261140403400087	0.296880153913345	1
O43293/DAPK3/D161N	0.01952289492664959	0.9452983877301697	0.03517871734318072	1
O43293/DAPK3/P216S	0.15985847230434572	0.517045089017987	0.3230964386776673	1
O43293/DAPK3/K42A	0.002736705577172503	0.9955258925562575	0.0017374018665700169	1
O43293/DAPK3/D161A	0.007590594251961938	0.987186764333506	0.005222641414531913	1
O43293/DAPK3/T180A	0.1280544000545979	0.702432195572943	0.16951340437245946	1
O43293/DAPK3/T225A	0.12443553308460745	0.5559395211525978	0.3196249457627946	1
O43293/DAPK3/T265A	0.15385734778819557	0.6247478849216388	0.2213947672901655	1
P54762/EPHB1/K651R	0.006219596341348975	0.9820536892287837	0.011726714429867233	1
P54762/EPHB1/Y778F	0.09071698463292206	0.6099789767756293	0.299304038591449	1
P17252/PRKCA/V568I	0.8862150493690036	0.02963805183939237	0.084146898791604	0
Q15139/PRKD1/K612W	0.0	0.9915490288895578	0.00845097111044229	1
Q15139/PRKD1/R603H	0.22230593393968423	0.30518675942210327	0.4725073066382126	2
Q04759/PRKCQ/K409A	0.002736705577172503	0.9955258925562575	0.0017374018665700169	1
Q04759/PRKCQ/T538A	0.030523392739403635	0.9047077248649065	0.0647688823956898	1
Q04759/PRKCQ/K409E	0.002736705577172503	0.9886154349322266	0.00864785949060089	1
Q8NFD2/ANKK1/A239T	0.8418905655381853	0.06852793283751113	0.08958150162430355	0
Q8NFD2/ANKK1/P276L	0.45719177775514525	0.34041256855021246	0.2023956536946423	0
P36888/FLT3/D835E	0.02111652959956186	0.0477219118980561	0.9311615585023821	2
P36888/FLT3/D835N	0.020264784430695505	0.02329924727069301	0.9564359682986117	2
P36888/FLT3/K644A	0.002736705577172503	0.9955258925562575	0.0017374018665700169	1
P43405/SYK/M450I	0.30019643139012403	0.15640839736097006	0.543395171248906	2
P43405/SYK/S550F	0.15931732786996297	0.31291382420298736	0.5277688479270496	2
P43405/SYK/S550Y	0.1701124796644029	0.36884421923931643	0.4610433010962808	2
P43405/SYK/Y630F	0.22873379321004714	0.4209758183033855	0.3502903884865674	1
P80192/MAP3K9/K171A	0.002736705577172503	0.9962090352283921	0.0010542591944353306	1
P80192/MAP3K9/T304A	0.17666557258378618	0.482621282999825	0.34071314441638884	1
P80192/MAP3K9/S308A	0.07781690347244133	0.7651318325470818	0.15705126398047697	1
P80192/MAP3K9/T312A	0.07506539017173648	0.7454305508546432	0.17950405897362015	1
P80192/MAP3K9/T305A	0.17871964523613054	0.4995960598357837	0.32168429492808587	1
P29317/EPHA2/R721Q	0.5782721552133705	0.08759849386344234	0.3341293509231872	2
P29317/EPHA2/K646M	0.0	0.9501716348534249	0.04982836514657498	1
P29317/EPHA2/D739N	0.052985383154788304	0.6229209461950116	0.3240936706502001	2
P29317/EPHA2/R876H	0.6986102347160528	0.13732824293102916	0.164061522352918	0
P29317/EPHA2/M631T	0.895089198517746	0.022667767338387455	0.08224303414386674	0
P00533/EGFR/G719S	0.1313210605833447	0.3073567555856358	0.56132218383102	2
P00533/EGFR/L858R	0.12205352875627792	0.3660875309965867	0.5118589402471356	2
P00533/EGFR/L861Q	0.04660879460717565	0.06825409199258017	0.8851371134002443	2
P00533/EGFR/S768I	0.1258015387937492	0.2847045213581952	0.5894939398480558	2
P00533/EGFR/K745A	0.002736705577172503	0.9939230113930725	0.0033402830297549397	1
P00533/EGFR/K745M	0.0	0.9796061268004688	0.02039387319953114	1
Q9Y6R4/MAP3K4/K1372R	0.0035827343869240065	0.9849618337652102	0.011455431847865728	1
P34947/GRK5/K215R	0.04580764160611763	0.9110705145611321	0.04312184383275019	1
P34947/GRK5/R304H	0.7330282263472812	0.10980709020888839	0.15716468344383047	0
P22455/FGFR4/K503R	0.0	0.9971512994335661	0.0028487005664339913	1
O43781/DYRK3/S350E	0.20417220713583464	0.13721348778645612	0.6586143050777092	2
O43781/DYRK3/K238M	0.0	0.9986325760106307	0.0013674239893692842	1
O43781/DYRK3/S350A	0.3054049331114991	0.29228004641216926	0.40231502047633166	1
O43781/DYRK3/S350D	0.17674930479085432	0.16702997995273858	0.6562207152564069	2
O14578/CIT/G106V	0.09709064751969816	0.7648715590883487	0.13803779339195313	1
O14578/CIT/K126Q	0.010985708636111058	0.9606525392283484	0.028361752135540468	1
O14578/CIT/D230V	0.18058969666357705	0.46259161699297524	0.35681868634344766	1
P11362/FGFR1/K618N	0.3669312375003898	0.27403492076527786	0.3590338417343321	1
P11362/FGFR1/K514A	0.002736705577172503	0.9955258925562575	0.0017374018665700169	1
P11362/FGFR1/D623A	0.017460935185420152	0.9384977401104525	0.0440413247041274	1
P11362/FGFR1/R577E	0.08751456411703326	0.5445828794277522	0.36790255645521475	1
P11362/FGFR1/Y654F	0.0840422747001143	0.6122130407165491	0.30374468458333653	1
P11362/FGFR1/K656E	0.10233645730103529	0.12288588838439456	0.7747776543145701	2
P19525/EIF2AK2/K296R	0.0	0.9764816558681036	0.023518344131896393	1
P19525/EIF2AK2/T446A	0.059896139843323384	0.8396809789081112	0.10042288124856538	1
P19525/EIF2AK2/T451A	0.08061582470134664	0.7417314529856135	0.17765272231303986	1
P19525/EIF2AK2/S461C	0.7518142695112324	0.13329448164489435	0.11489124884387338	1
P06241/FYN/D506E	0.7922759967491103	0.04620102768116566	0.1615229755697243	0
P54760/EPHB4/K650N	0.2171516704069029	0.48223974116204604	0.3006085884310513	1
P54760/EPHB4/E664K	0.15643681086899713	0.6272176130674798	0.2163455760635233	1
P54760/EPHB4/R739Q	0.09843985244547085	0.587339242232535	0.3142209053219947	1
P54760/EPHB4/I782S	0.15715212079382743	0.6056640490087646	0.23718383019740802	1
P54760/EPHB4/R838W	0.11661628273647676	0.6251998275286257	0.25818388973489775	1
P54760/EPHB4/C845R	0.1759390617535841	0.5736936125928987	0.2503673256535173	1
P54760/EPHB4/R864W	0.12918115587165735	0.6730104438603581	0.1978084002679849	1
P54760/EPHB4/F867L	0.16580146861984726	0.4643601531085582	0.3698383782715945	1
P54760/EPHB4/A882T	0.858017833750748	0.041559884289005374	0.10042228196024722	0
P41279/MAP3K8/T290A	0.17318713746511907	0.6699242153877275	0.15688864714715364	1
P41279/MAP3K8/T290D	0.05151561036334769	0.7369455918631419	0.21153879777351026	1
P41279/MAP3K8/T290E	0.05710120434517914	0.7396983559592795	0.2032004396955411	1
Q9P0L2/MARK1/T215E	0.010796551045414372	0.15265936261297516	0.8365440863416106	2
Q9P0L2/MARK1/T215A	0.010009757270778227	0.9001971633312852	0.08979307939793672	1
Q7KZI7/MARK2/T208A	0.010009757270778227	0.9001971633312852	0.08979307939793672	1
P23443/RPS6KB1/K167N	0.268618955355008	0.3100483793915057	0.42133266525348645	1
P53778/MAPK12/D179A	0.15450156661500955	0.18394618829961715	0.6615522450853729	2
P53778/MAPK12/Y185F	0.08208432849297821	0.8310017766239112	0.08691389488311048	1
Q02156/PRKCE/K437W	0.0	0.9889257383798189	0.011074261620181205	1
Q02156/PRKCE/T566A	0.014048656904496762	0.9161732965298043	0.06977804656569893	1
Q02156/PRKCE/T563M	0.5443593312480174	0.13731475057629194	0.3183259181756907	0
Q02156/PRKCE/A654T	0.9082513620688565	0.028387312290556476	0.06336132564058754	0
P53667/LIMK1/T508E	0.035167212131230086	0.1880338565971246	0.7767989312716455	2
P53667/LIMK1/T508A	0.05482541297133881	0.8440070920311886	0.1011674949974723	1
P53667/LIMK1/T508V	0.05957411487859989	0.6878657772061493	0.2525601079152508	1
P53667/LIMK1/D460N	0.02399625047494161	0.9055688875311912	0.0704348619938674	1
P53667/LIMK1/D460A	0.012937770007112248	0.9597261364799844	0.02733609351290342	1
Q9H2X6/HIPK2/K228A	0.002736705577172503	0.9962090352283921	0.0010542591944353306	1
Q9H2X6/HIPK2/K228R	0.0	0.9965541859537056	0.0034458140462943817	1
P11801/PSKH1/D218A	0.018882838601814337	0.883915087917136	0.09720207348104985	1
Q96QS6/PSKH2/R79K	0.7884138787018451	0.07463290051401315	0.1369532207841421	0
Q96QS6/PSKH2/Q132R	0.8392577837936082	0.046760890472934614	0.11398132573345725	0
Q96QS6/PSKH2/A176S	0.8825238960660596	0.02096904519483237	0.09650705873910818	0
Q96QS6/PSKH2/G211R	0.7489095159432595	0.09151006598910925	0.15958041806763132	0
Q96QS6/PSKH2/T225A	0.3078964800756337	0.5233847890307849	0.16871873089358164	0
Q96QS6/PSKH2/S266R	0.8034287302576832	0.08196849092856516	0.11460277881375149	0
Q96L34/MARK4/T214E	0.012797373086609044	0.13315305685531847	0.8540495700580726	2
Q96L34/MARK4/T214A	0.010009757270778227	0.9001971633312852	0.08979307939793672	1
Q02779/MAP3K10/P168Q	0.4517756941186766	0.23066155303755415	0.3175627528437691	0
O43318/MAP3K7/K63W	0.0	0.9922321715616924	0.007767828438307605	1
Q8NER5/ACVR1C/K222R	0.012044566941408829	0.9592107029850464	0.02874473007354471	1
Q8NER5/ACVR1C/I482V	0.8819443653538478	0.042634727384157536	0.0754209072619953	0
P37023/ACVRL1/G211D	0.07027181756723072	0.8022737583165466	0.12745442411622268	1
P37023/ACVRL1/G211S	0.07566078637112784	0.7866930223539192	0.1376461912749527	1
P37023/ACVRL1/A306P	0.2457658346597007	0.45005208376796263	0.30418208157233695	1
P37023/ACVRL1/L313V	0.20709765953565246	0.4891282588346734	0.3037740816296745	1
P37023/ACVRL1/H314Y	0.0841101554436669	0.6442687421849044	0.2716211023714288	1
P37023/ACVRL1/P378S	0.17183905222576384	0.6166557199171533	0.21150522785708276	1
P37023/ACVRL1/E379D	0.11963962178853356	0.6582404806263523	0.22211989758511408	1
P37023/ACVRL1/E379K	0.08537064099526108	0.7461028390177511	0.1685265199869878	1
P37023/ACVRL1/V404G	0.1086570458329589	0.6929482720165727	0.19839468215046832	1
P37023/ACVRL1/R411W	0.16511814651811174	0.47264235931170817	0.36223949417018025	1
Q12866/MERTK/Q662E	0.7249614402228467	0.06100227552305782	0.21403628425409582	0
P00519/ABL1/A337T	0.32761829865722797	0.212603334105624	0.4597783672371481	2
P00519/ABL1/K247R	0.8375796616545879	0.06988142925461234	0.09253890909080022	0
P16591/FER/K591R	0.0	0.974196877757261	0.025803122242739097	1
Q76MJ5/ERN2/K548A	0.002736705577172503	0.9962090352283921	0.0010542591944353306	1
Q9UQM7/CAMK2A/P212Q	0.17661145113426788	0.3956305799631998	0.42775796890253254	2
Q9UQM7/CAMK2A/F98S	0.12501605693239198	0.5518646969477339	0.3231192461198741	1
Q9UQM7/CAMK2A/E109D	0.33270455362933815	0.17324114601065282	0.49405430036000914	2
Q9UQM7/CAMK2A/E183V	0.09318272188006654	0.6975012667666514	0.20931601135328218	1
Q8TF76/HASPIN/E492A	0.12411714137413758	0.6128209995507509	0.2630618590751118	1
Q8TF76/HASPIN/K511A	0.002736705577172503	0.9962090352283921	0.0010542591944353306	1
Q8TF76/HASPIN/H651A	0.10745032664292122	0.7194907131744547	0.17305896018262382	1
P49336/CDK8/V27L	0.31345475037758996	0.2958133555001318	0.3907318941222782	1
P49336/CDK8/R29G	0.1910273679145275	0.4851098603374563	0.32386277174801636	1
P49336/CDK8/G30S	0.159267230235936	0.6863373713951882	0.15439539836887575	1
P49336/CDK8/S62L	0.30804407147738433	0.31495530685654916	0.3770006216660667	1
P49336/CDK8/R178Q	0.12485886627237228	0.4352923288901344	0.43984880483749356	1
P49336/CDK8/V193G	0.167764580874994	0.5911066582831077	0.24112876084189835	1
P49336/CDK8/I223M	0.20545062940634337	0.4966914628753264	0.2978579077183305	1
P49336/CDK8/D173A	0.012134123001829412	0.9809549137227812	0.006910963275389387	1
P15056/BRAF/G464V	0.08074543136070465	0.4348315963774341	0.4844229722618612	2
P15056/BRAF/G469A	0.1564559494065288	0.2752028621127371	0.5683411884807343	2
P15056/BRAF/L597V	0.1523766635906677	0.2879013487044657	0.5597219877048667	2
P15056/BRAF/R671K	0.21661059556449733	0.19574037108373116	0.5876490333517718	2
P15056/BRAF/K483S	0.002736705577172503	0.9958958704334582	0.0013674239893692842	1
P15056/BRAF/R509H	0.3583206178889643	0.3600633422012765	0.2816160399097592	1
P15056/BRAF/K578R	0.0976549940615394	0.6489982943145353	0.25334671162392536	1
P15056/BRAF/I666R	0.24277942544323086	0.4019974470991581	0.3552231274576112	1
P15056/BRAF/V600F	0.05349409333567522	0.04509252316294694	0.9014133835013779	2
P15056/BRAF/V600K	0.05480790724001192	0.04726557488507284	0.8979265178749154	2
O43283/MAP3K13/K195A	0.002736705577172503	0.9962090352283921	0.0010542591944353306	1
Q14680/MELK/D150A	0.004289591831562502	0.9896608498067978	0.006049558361639646	1
Q14680/MELK/T167A	0.013828899713789805	0.9134557550204402	0.07271534526577	1
Q14680/MELK/S171A	0.09254442013850415	0.7464326138284121	0.16102296603308378	1
Q14680/MELK/Y163F	0.2794127240360732	0.4450798073664785	0.2755074685974484	1
Q14680/MELK/T167E	0.004727975893296389	0.11214014365280986	0.8831318804538939	2
Q14680/MELK/S171D	0.06005888391833524	0.7029253405510019	0.2370157755306628	1
Q14680/MELK/K219R	0.8920158370623423	0.0458743298496668	0.06210983308799162	0
P06213/INSR/E1206D	0.34038686376649074	0.4505983765727315	0.20901475966077787	1
P06213/INSR/W1220L	0.11594956323975678	0.6216563981438081	0.26239403861643534	1
P06213/INSR/K1057M	0.0	0.9781961684585209	0.021803831541479104	1
P06213/INSR/D1159N	0.05365924615303491	0.7851403758778649	0.16120037796910036	1
P06213/INSR/R1163Q	0.22176308100470213	0.5443419644268043	0.23389495456849407	1
P06213/INSR/I1143T	0.21989692167369626	0.4840689645086475	0.29603411381765615	1
P06213/INSR/R1158W	0.10416173701351888	0.5963247156381152	0.2995135473483663	1
P06213/INSR/K1057A	0.007920980761447687	0.9599288911283896	0.032150128110162594	1
P06213/INSR/K1057R	0.03802782704372536	0.8851453440400033	0.07682682891627148	1
O96013/PAK4/S445N	0.2340308837471186	0.2676341151634319	0.4983350010894496	2
O96013/PAK4/S474E	0.004316015487595617	0.1934006477488949	0.8022833367635094	2
P22612/PRKACG/I74M	0.2423572141163035	0.4174015223264805	0.340241263557216	1
P22612/PRKACG/H268D	0.8784909327055601	0.027434557769749436	0.09407450952469099	0
Q8NE63/HIPK4/R302Q	0.9125482327912837	0.024665038224937517	0.0627867289837793	0
Q9HBH9/MKNK2/D228G	0.2528436016254876	0.29770682563855944	0.449449572735953	1
P48730/CSNK1D/T44A	0.5665960913594864	0.2612589139758753	0.17214499466463817	1
P48730/CSNK1D/H46R	0.20241165791285057	0.45873955268441063	0.33884878940273916	1
P48730/CSNK1D/K38M	0.0	0.9986325760106307	0.0013674239893692842	1
P48730/CSNK1D/T176I	0.08632198598256567	0.7760539071293115	0.13762410688812285	1
Q96S44/TP53RK/T129A	0.8004797962239479	0.08939252037355114	0.11012768340250152	0
Q96S44/TP53RK/R123Q	0.7394144626471096	0.1171362674931833	0.14344926985970688	0
P51955/NEK2/S171D	0.10461739571373363	0.1163118018813257	0.7790708024049409	2
P51955/NEK2/T170E	0.24282438104135592	0.11423330722227813	0.6429423117363658	2
P51955/NEK2/T175E	0.026475118518641448	0.12738806628101834	0.8461368152003407	2
P51955/NEK2/K37R	0.03150122256538676	0.9267429279543731	0.04175584948024005	1
P51955/NEK2/D141A	0.019586748541770033	0.9548931099197844	0.025520141538445555	1
P51955/NEK2/T175A	0.05351711718078118	0.7990822233317985	0.14740065948742023	1
P51955/NEK2/T179A	0.17738977600440403	0.6670426333229522	0.15556759067264392	1
P51955/NEK2/T179E	0.08983574291038215	0.7330368109008516	0.1771274461887662	1
P51955/NEK2/S241A	0.2724893091794864	0.5345609227407729	0.19294976807974085	1
P51955/NEK2/S241D	0.13324202644107278	0.5288713348181527	0.33788663874077457	1
P52333/JAK3/K855A	0.002736705577172503	0.9868394642719995	0.010423830150827946	1
P52333/JAK3/Y904F	0.29951700384232294	0.3798429979909324	0.32063999816674466	1
P52333/JAK3/Y939F	0.14440342879173831	0.42786256899953157	0.4277340022087301	1
P07948/LYN/K275L	0.0	0.9927874047448526	0.007212595255147452	1
P07948/LYN/Y397F	0.08941965258456085	0.5993679570832215	0.31121239033221776	1
P07948/LYN/K275A	0.002736705577172503	0.9962090352283921	0.0010542591944353306	1
P07948/LYN/K275R	0.0	0.984096545154108	0.01590345484589188	1
Q8WTQ7/GRK7/E309Q	0.9166913821962615	0.020496040936766814	0.06281257686697217	0
P07332/FES/K590E	0.010852090192557118	0.9811831929889766	0.007964716818466205	1
P07332/FES/M704V	0.16925522473964516	0.30761112339304586	0.5231336518673092	1
P07332/FES/Y713F	0.07253539016716547	0.432658400962554	0.49480620887028076	1
P07332/FES/V743M	0.25302294228220223	0.43670903813768575	0.3102680195801122	1
P07332/FES/S759F	0.6531010223700187	0.18547357496636266	0.16142540266361863	1
O75460/ERN1/K599A	0.002736705577172503	0.9962090352283921	0.0010542591944353306	1
Q8IY84/NIM1K/T229A	0.03694819981149239	0.8540539166877236	0.10899788350078417	1
Q8IY84/NIM1K/T229E	0.011638272021909157	0.16331517057457773	0.8250465574035133	2
Q6ZWH5/NEK10/K548R	0.0	0.9813009547331274	0.01869904526687276	1
Q6ZWH5/NEK10/N659S	0.47042786679262144	0.3118076592926918	0.2177644739146868	0
Q6ZWH5/NEK10/L701V	0.8991503573981742	0.034125619848173076	0.06672402275365319	0
Q6P3R8/NEK5/K255Q	0.8534189620073385	0.05082410394484157	0.09575693404782049	0
P10721/KIT/D816F	0.01595244577270955	0.0389506295178168	0.9450969247094736	2
P10721/KIT/D816I	0.01595244577270955	0.040183316498426214	0.9438642377288642	2
P10721/KIT/D816Y	0.015715027249666506	0.029994006758306636	0.9542909659920269	2
P10721/KIT/N822I	0.11100941324380606	0.19678903953479687	0.6922015472213972	2
P10721/KIT/E839K	0.19268567881755927	0.5953427416933998	0.2119715794890411	1
P10721/KIT/D816V	0.02487507450712235	0.024660022192979327	0.9504649032998984	2
P10721/KIT/Y823F	0.09350112476684896	0.42094042128347714	0.48555845394967406	2
Q86Z02/HIPK1/K219A	0.002736705577172503	0.9962090352283921	0.0010542591944353306	1
Q86Z02/HIPK1/D315N	0.019560277697548797	0.9159807844370631	0.06445893786538816	1
Q5S007/LRRK2/I2020T	0.15089417143795428	0.24571219127579036	0.6033936372862558	2
Q5S007/LRRK2/T2031S	0.12280588163062602	0.3315640789423538	0.5456300394270202	2
Q5S007/LRRK2/D1994A	0.01184842425121149	0.9623898316499608	0.025761744098827748	1
Q5S007/LRRK2/K1906A	0.002736705577172503	0.9962090352283921	0.0010542591944353306	1
Q5S007/LRRK2/D1994N	0.01216312349161077	0.9398826375375768	0.047954238970812614	1
Q5S007/LRRK2/D2017A	0.00656663869158025	0.975542480366332	0.017890880942087642	1
Q5S007/LRRK2/G2019S	0.08096894153069951	0.2993847420651584	0.6196463164041421	2
Q9UF33/EPHA6/A711V	0.8023207098480938	0.07857777868855355	0.11910151146335317	0
Q06187/BTK/K430E	0.002736705577172503	0.9963319109376946	0.0009313834851328712	1
Q06187/BTK/Y551F	0.06816092818394927	0.6145080466866322	0.3173310251294188	1
Q06187/BTK/R520Q	0.11409300891756599	0.5873339373097339	0.2985730537727007	1
Q06187/BTK/R525Q	0.22572869886690813	0.5376729180582948	0.2365983830747975	1
Q06187/BTK/E589G	0.1544744999808176	0.5894476339533197	0.25607786606586286	1
Q06187/BTK/G594E	0.13849374082825058	0.45886186535683293	0.4026443938149169	1
Q06187/BTK/G613D	0.27630841795761973	0.4391044388448025	0.28458714319757794	1
Q06187/BTK/Y617E	0.4117212616929715	0.1877573157765941	0.40052142253043455	1
Q8IU85/CAMK1D/T180A	0.016619571736559275	0.8320068408708987	0.15137358739254214	1
Q8IU85/CAMK1D/K52A	0.002736705577172503	0.9955258925562575	0.0017374018665700169	1
Q8IU85/CAMK1D/I66M	0.88893768348076	0.046391522494835004	0.06467079402440581	0
O60285/NUAK1/K84A	0.002736705577172503	0.9955258925562575	0.0017374018665700169	1
O60285/NUAK1/T211A	0.011418709896022373	0.9188153732204003	0.06976591688357732	1
P51956/NEK3/H23L	0.4421386457171776	0.2584445505870632	0.29941680369575907	0
P51956/NEK3/R122H	0.6741860420286551	0.12847800614490434	0.19733595182644056	0
P08631/HCK/K290E	0.002736705577172503	0.9963319109376946	0.0009313834851328712	1
P08631/HCK/E305A	0.09385165771590634	0.7033780426068285	0.20277029967726537	1
P08631/HCK/D381E	0.015673494656490837	0.9111559759856571	0.07317052935785219	1
P08631/HCK/Y411A	0.06440569737102546	0.6141389915593952	0.3214553110695794	1
Q9NYL2/MAP3K20/K45M	0.0	0.9969436752635655	0.003056324736434385	1
Q9NYL2/MAP3K20/T161A	0.12106893032397474	0.6494681456048209	0.22946292407120453	1
Q9NYL2/MAP3K20/T162A	0.12405715379451909	0.5091389596423354	0.3668038865631455	1
Q9NYL2/MAP3K20/S165A	0.1813642159065311	0.6699293139937363	0.1487064700997325	1
Q6ZN16/MAP3K15/G838S	0.2780104781010202	0.5052138303618758	0.21677569153710385	0
Q9Y4K4/MAP4K5/K49R	0.004755082300024715	0.9542541569764115	0.04099076072356387	1
O15111/CHUK/S176E	0.05764625212194007	0.17004092844866597	0.7723128194293942	2
O15111/CHUK/T23A	0.1908031447575946	0.574694603047607	0.2345022521947984	1
O15111/CHUK/K44A	0.002736705577172503	0.9932398687209378	0.004023425701889626	1
O15111/CHUK/K44M	0.0	0.9921270966540143	0.00787290334598559	1
O15111/CHUK/S176A	0.11697275150662204	0.6625442855887175	0.2204829629046605	1
O15111/CHUK/V268I	0.890744133234688	0.02847747784430956	0.08077838892100259	0
O15111/CHUK/V155A	0.8109096571549214	0.07078747317686786	0.11830286966821076	0
Q16566/CAMK4/K75E	0.002736705577172503	0.9956487682655599	0.0016145261572675573	1
Q16566/CAMK4/T200A	0.015835150736451226	0.905181365600466	0.07898348366308276	1
Q16566/CAMK4/S189A	0.18935330136069672	0.24690957544181877	0.5637371231974844	2
P53671/LIMK2/T505E	0.053115268965187194	0.29821385471085	0.6486708763239628	2
P53671/LIMK2/T505V	0.11187415591968229	0.5143001701990351	0.3738256738812825	1
P53671/LIMK2/D451A	0.016475617233667635	0.9507293053341713	0.03279507743216108	1
Q96GX5/MASTL/K72M	0.3380722099796425	0.16708056649558492	0.4948472235247726	2
P28482/MAPK1/I74N	0.11314590417112091	0.49871415486579584	0.38813994096308346	2
P28482/MAPK1/H80Y	0.1273861994754301	0.47579110051379125	0.39682270001077896	2
P28482/MAPK1/A174V	0.382801057296404	0.1451428337623832	0.4720561089412126	2
P28482/MAPK1/D318G	0.20846953900793913	0.23973549269283884	0.5517949682992224	2
P28482/MAPK1/D318A	0.12205035365168286	0.295055191463683	0.5828944548846342	2
Q9NRM7/LATS2/K697A	0.002736705577172503	0.9955258925562575	0.0017374018665700169	1
Q9NRM7/LATS2/S872A	0.03797962991641534	0.7722612456092789	0.18975912447430573	1
Q38SD2/LRRK1/K1270W	0.0	0.9854526105332405	0.014547389466759583	1
Q38SD2/LRRK1/I1412T	0.16256918985401073	0.24503972467077617	0.5923910854752134	1
O60674/JAK2/R867Q	0.3020998657907474	0.23002915594327344	0.4678709782659793	2
O60674/JAK2/R1063H	0.6991745373169047	0.1332186790875894	0.1676067835955058	0
Q13163/MAP2K5/K195M	0.0035827343869240065	0.9893262476574549	0.007091017955621019	1
Q13163/MAP2K5/S311A	0.14480143748886135	0.6592978466768586	0.19590071583428004	1
Q13163/MAP2K5/T315A	0.02781736286403996	0.8719161660791958	0.10026647105676417	1
Q04912/MST1R/R1335G	0.9241307595069324	0.02003769061761282	0.05583154987545539	0
Q01974/ROR2/D482G	0.3848384057432306	0.15608198851741106	0.4590796057393584	2
Q01974/ROR2/R530Q	0.8543416043232739	0.06897275584407764	0.07668563983264877	0
Q01974/ROR2/G695R	0.334181590880589	0.4359891426813035	0.22982926643810767	0
Q16513/PKN2/T816A	0.013361588667423414	0.8572812042924909	0.1293572070400856	1
Q02750/MAP2K1/M219V	0.22079089173685898	0.22758062111257782	0.5516284871505633	2
Q02750/MAP2K1/N221Y	0.1483530131347802	0.343462281142816	0.508184705722404	2
Q02750/MAP2K1/K97A	0.002736705577172503	0.9898086307794539	0.0074546636433736515	1
Q02750/MAP2K1/K97R	0.0	0.9773273487783252	0.02267265122167478	1
O43353/RIPK2/K47A	0.002736705577172503	0.9962090352283921	0.0010542591944353306	1
O43353/RIPK2/D146N	0.02790412026618263	0.8337352399969834	0.13836063973683424	1
O43353/RIPK2/K209R	0.2902431991475285	0.37005529097586404	0.3397015098766076	1
O43353/RIPK2/I259T	0.5751047261597406	0.1478970460584265	0.27699822778183303	0
O43353/RIPK2/L268V	0.5163210498818374	0.2319525572036701	0.25172639291449245	0
P57078/RIPK4/I121N	0.14750138563717405	0.5732889710170976	0.27920964334572845	1
P57078/RIPK4/T184I	0.14369687755864613	0.7055286738321354	0.15077444860921868	1
Q9H4B4/PLK3/K91R	0.0	0.9965541859537056	0.0034458140462943817	1
Q9H4B4/PLK3/D203A	0.004319471655940785	0.9728217544727135	0.022858773871345838	1
Q9H4B4/PLK3/T219E	0.010790358752516462	0.20148546630009767	0.787724174947386	1
Q8WXR4/MYO3B/I275V	0.920769110936607	0.026781445534180538	0.05244944352921284	0
Q8WXR4/MYO3B/R185H	0.6489046866772169	0.12548814586100618	0.225607167461777	0
P36507/MAP2K2/P128Q	0.3396817451282638	0.2572578011428837	0.4030604537288525	2
P46734/MAP2K3/S218E	0.07033148808166867	0.1115401128344909	0.8181283990838405	2
P46734/MAP2K3/T222E	0.012876700649304417	0.17059325554741242	0.8165300438032835	2
P46734/MAP2K3/S218A	0.14297460256299196	0.6354245991577454	0.22160079827926285	1
P46734/MAP2K3/T222A	0.0359957058561688	0.8341052200574381	0.12989907408639312	1
Q8NEV4/MYO3A/T178I	0.42149535882605677	0.28211691292817087	0.2963877282457725	0
P50750/CDK9/S175A	0.19630279218764077	0.22101656391158717	0.5826806439007722	2
P50750/CDK9/T186D	0.03993349765927181	0.2229595232692679	0.7371069790714604	2
P50750/CDK9/K44R	0.45007266201732327	0.33520412636996383	0.21472321161271282	1
P50750/CDK9/K48Q	0.00833128761775188	0.9201208832191817	0.07154782916306666	1
P50750/CDK9/K48R	0.006329883592627851	0.7089413964903801	0.28472871991699217	2
P50750/CDK9/S175D	0.14305621624213732	0.26382538422547586	0.5931183995323868	1
P50750/CDK9/D167N	0.02908914998509189	0.9079756345984886	0.06293521541641961	1
P50750/CDK9/T186A	0.044523053337515925	0.8650570062965955	0.09041994036588831	1
Q9P2K8/EIF2AK4/I441L	0.8260147796924386	0.049604071505080644	0.12438114880248129	0
Q8TD08/MAPK15/K42R	0.0	0.9965541859537056	0.0034458140462943817	1
Q8TD08/MAPK15/R59Q	0.13098213955212917	0.5633624759350014	0.30565538451286955	1
Q8TD08/MAPK15/Y177A	0.0841760884749657	0.8249328160501161	0.09089109547491812	1
Q8TD08/MAPK15/D155A	0.0037906559129056083	0.983641695631237	0.012567648455857183	1
