Q9NYV4/CDK12/D877N	0.14921433806194834	0.3751090110243815	0.4756766509136702	1
P07333/CSF1R/E633K	0.23436877779962564	0.27269761406813886	0.49293360813223536	2
P07333/CSF1R/G765D	0.22498665744025823	0.5679081047499679	0.20710523780977397	1
P07333/CSF1R/M766T	0.45470526790358745	0.34703420123942413	0.1982605308569884	0
P07333/CSF1R/I775N	0.33765514389204576	0.44569849838303166	0.21664635772492272	1
P07333/CSF1R/A781E	0.27803653767611275	0.46290690146016883	0.25905656086371825	1
P07333/CSF1R/R782H	0.16889752928097937	0.5859452762416162	0.24515719447740467	1
P07333/CSF1R/I794T	0.25744124548750863	0.5171277683895567	0.22543098612293463	1
P07333/CSF1R/P824S	0.24131375630911273	0.40079756629003976	0.35788867740084784	1
P07333/CSF1R/M875T	0.3271008390172005	0.4355989652266288	0.23730019575617056	1
P07333/CSF1R/Y809F	0.36959689604704493	0.3121879246937381	0.31821517925921683	1
P07333/CSF1R/Y708F	0.28337561032381225	0.3147590691840835	0.4018653204921042	2
P07333/CSF1R/D802V	0.3284800707516624	0.3434980797674946	0.328021849480843	1
O94921/CDK14/K164R	0.2762980861284005	0.3959042398342726	0.32779767403732685	1
Q00534/CDK6/D110N	0.2593141275324473	0.3174443467735752	0.4232415256939774	2
O96017/CHEK2/H371Y	0.28460519747775553	0.49156066213044314	0.22383414039180116	1
O96017/CHEK2/D347A	0.13846621530581518	0.5124127028179053	0.3491210818762795	1
O96017/CHEK2/D368N	0.17575755231503756	0.3815316214086022	0.44271082627636027	1
O96017/CHEK2/T383A	0.19124677862605782	0.5523092265048273	0.2564439948691151	1
O96017/CHEK2/T387A	0.48154338245237044	0.2929430644695566	0.22551355307807294	0
O96017/CHEK2/Y390C	0.3225072905074207	0.5118263478405819	0.16566636165199727	1
O96017/CHEK2/S379A	0.4260552697575233	0.27666929645597077	0.2972754337865059	0
O96017/CHEK2/I448S	0.4520568382928096	0.3445989497148434	0.2033442119923471	0
Q96Q40/CDK15/T255I	0.27667424307219685	0.5240754405063331	0.19925031642147034	1
Q00536/CDK16/K194A	0.27520063857569693	0.4303645891395796	0.29443477228472364	1
Q00536/CDK16/K194R	0.2789680379319298	0.41647512480296356	0.3045568372651067	1
P06493/CDK1/Y15F	0.19028697852855023	0.2850183366366966	0.524694684834753	2
Q8IZL9/CDK20/T161A	0.23449659165588044	0.33826625073867334	0.427237157605446	2
P24941/CDK2/T14A	0.2163068930318546	0.28187481157143635	0.5018182953967087	2
P24941/CDK2/Y15F	0.1944732679081541	0.29821242269155834	0.5073143094002875	1
P24941/CDK2/K9F	0.32252447389754474	0.3672378469068899	0.3102376791955654	0
P24941/CDK2/T160A	0.21178006785404618	0.4452617145325774	0.34295821761337636	1
P24941/CDK2/L166R	0.3014402754750216	0.49900491183087703	0.1995548126941015	1
P24941/CDK2/T290S	0.2767503920997267	0.4365918869354716	0.28665772096480147	1
Q00526/CDK3/T226I	0.26556711726627424	0.2884453394016617	0.44598754333206403	2
Q00535/CDK5/S159T	0.23914849248428516	0.48590854640530085	0.2749429611104142	1
P41240/CSK/Y304F	0.2564963657144424	0.4100560998811702	0.33344753440438746	1
P41240/CSK/S364A	0.35163823584311726	0.35058349429067875	0.29777826986620415	0
P41240/CSK/G287D	0.2993279272519742	0.40910285782636263	0.29156921492166316	1
Q9HAZ1/CLK4/K189R	0.34039211456239743	0.33593249944773257	0.32367538598987006	1
Q9HAZ1/CLK4/L352F	0.32854767271107926	0.37427228018134046	0.2971800471075804	1
O14757/CHEK1/K38R	0.35140469216887427	0.3519543260465733	0.2966409817845525	1
O14757/CHEK1/D130A	0.17256002136843265	0.4255494085852588	0.4018905700463087	2
O14757/CHEK1/K132R	0.17326879482303298	0.3786363714003974	0.4480948337765696	1
P31749/AKT1/K179M	0.29860987062246097	0.3833185252761178	0.31807160410142116	0
P31749/AKT1/T305Y	0.22503367590541445	0.5940736115324065	0.18089271256217926	1
P31749/AKT1/T312Y	0.2668402786072963	0.3416609627853213	0.39149875860738226	2
P31749/AKT1/Y176F	0.2609938968509836	0.40608662122996747	0.332919481919049	1
P31749/AKT1/T305A	0.19990796604550365	0.6045182396011262	0.19557379435337058	1
P31749/AKT1/T312A	0.2565265652573771	0.4246312147303577	0.31884222001226514	1
P31749/AKT1/T308D	0.3053673103385704	0.29206857358514193	0.4025641160762878	2
Q15131/CDK10/P96L	0.22831437065909344	0.5010942728241654	0.2705913565167414	1
Q9UPZ9/CILK1/R272Q	0.2839452483438	0.47883261089975304	0.23722214075644696	1
Q9UPZ9/CILK1/T157A	0.3222332137821428	0.30447118924179023	0.37329559697606696	2
Q9UPZ9/CILK1/Y159F	0.17244941186730237	0.4885661867814873	0.33898440135121044	1
Q16832/DDR2/L610P	0.22366755680920455	0.442817161785428	0.33351528140536735	1
Q16832/DDR2/Y740C	0.20730950143384255	0.5997413688803088	0.1929491296858487	1
Q16832/DDR2/K608A	0.3635278199258182	0.3640948252110035	0.2723773548631783	0
Q16832/DDR2/Y736F	0.20948908154548668	0.45196826947863905	0.33854264897587455	1
Q16832/DDR2/Y740F	0.19286715817713077	0.522903043268404	0.2842297985544652	1
Q16832/DDR2/Y741F	0.32979807272546174	0.2965809880094282	0.37362093926510975	2
Q9BWU1/CDK19/Y32H	0.16065613732295933	0.33215373152491035	0.5071901311521304	2
Q9BWU1/CDK19/G28R	0.22029344558481637	0.5066914313750331	0.2730151230401506	1
P11802/CDK4/T172A	0.23726835203694033	0.471240731654692	0.29149091630836793	1
P11802/CDK4/P173S	0.5806735502319861	0.2569169298013609	0.16240951996665295	0
P11802/CDK4/R24C	0.22760251838501663	0.4997234979606532	0.2726739836543306	1
Q5MAI5/CDKL4/S288Y	0.30695901219183064	0.38947090025038833	0.30357008755778114	1
Q9UQB9/AURKC/K72R	0.30178768051409577	0.3886124477168931	0.3095998717690112	1
Q9UQB9/AURKC/D166Y	0.2464794515770829	0.5298387508806354	0.2236817975422816	1
Q9UQB9/AURKC/T198A	0.16810855071452738	0.42009743331997695	0.4117940159654957	2
Q13627/DYRK1A/K188R	0.26738256425211	0.3725888162142364	0.3600286195336536	1
Q13627/DYRK1A/Y321F	0.23336671198385972	0.40244323547650784	0.3641900525396322	1
P20594/NPR2/L658F	0.3820290816737613	0.3381998598935811	0.2797710584326578	0
P21802/FGFR2/E565G	0.22653830146819218	0.38767497869636114	0.38578671983544666	1
P21802/FGFR2/K526E	0.27261205449579856	0.32791737087759465	0.3994705746266069	2
P21802/FGFR2/K659N	0.5157682635467223	0.24727443543826702	0.23695730101501042	0
P21802/FGFR2/A628T	0.20915682601414295	0.4056450327270806	0.3851981412587765	1
P57059/SIK1/K56M	0.27701321230271264	0.39288403063612426	0.3301027570611631	1
P57059/SIK1/S135A	0.22389988455083754	0.44502155297035223	0.3310785624788102	1
P57059/SIK1/T182A	0.19362926859153948	0.5197497854566466	0.2866209459518141	1
P57059/SIK1/S186A	0.35686863336454444	0.3639354154515837	0.2791959511838719	1
P57059/SIK1/S209A	0.28079272693414525	0.39842867563258877	0.32077859743326603	1
P57059/SIK1/S248A	0.2749057104218469	0.3892977395508511	0.33579655002730185	1
P57059/SIK1/S186T	0.48825413309473353	0.30499341599479624	0.2067524509104703	0
Q6PHR2/ULK3/K44R	0.31814474926029424	0.37875029070535204	0.3031049600343537	1
Q6PHR2/ULK3/K139R	0.22185485117707845	0.29015571121091843	0.4879894376120029	2
Q6PHR2/ULK3/R101H	0.31236999743437105	0.36827418984975985	0.31935581271586927	1
Q8TAS1/UHMK1/K54A	0.3035647553272758	0.3990907379936193	0.2973445066791049	1
Q9Y243/AKT3/T305D	0.3509233963208343	0.29493217618078355	0.35414442749838215	0
Q08345/DDR1/G707A	0.26503920684345966	0.346289679188789	0.38867111396775145	2
Q08345/DDR1/Y740F	0.2905644998384073	0.37356521300441464	0.33587028715717815	1
Q96SB4/SRPK1/S555A	0.28850339754364357	0.40783932728686373	0.30365727516949287	1
Q9Y2K2/SIK3/R187C	0.20764417186330614	0.49435216273905674	0.29800366539763706	1
Q9Y2K2/SIK3/T221A	0.19992592557369793	0.5293748299232864	0.27069924450301597	1
P30530/AXL/K567M	0.2148187261208827	0.37780868622279096	0.4073725876563264	2
P45983/MAPK8/K55D	0.26935499363519705	0.4066201017912556	0.3240249045735472	1
P45983/MAPK8/T183A	0.28730140960160694	0.3783543024531714	0.33434428794522164	1
P45983/MAPK8/Y185F	0.15480284503277594	0.3096820422392207	0.5355151127280035	2
Q86Y07/VRK2/I167V	0.2547334562813186	0.4482544564020867	0.29701208731659445	1
Q96PN8/TSSK3/I71V	0.29041199041251875	0.2804310096223743	0.4291569999651068	2
Q13043/STK4/K59R	0.32975096028918954	0.3619138626251447	0.30833517708566577	1
Q13043/STK4/T183A	0.20677949908865614	0.5040331985726548	0.2891873023386892	1
Q96BR1/SGK3/K191M	0.25683722454220337	0.40647004373738355	0.3366927317204129	1
Q15303/ERBB4/I947R	0.2614695694065018	0.46656038741889566	0.27197004317460266	1
Q15303/ERBB4/R927Q	0.28978773870202135	0.39588792888178476	0.31432433241619395	1
Q15303/ERBB4/K751R	0.283166642916787	0.4060248438911674	0.31080851319204555	1
Q15303/ERBB4/M766R	0.23213154789408882	0.42371888813289277	0.34414956397301844	1
Q15303/ERBB4/D843N	0.18957360406041787	0.4752990054724623	0.3351273904671201	1
Q15303/ERBB4/D861Y	0.15175863364596032	0.47871297828050935	0.3695283880735304	1
Q15303/ERBB4/L864R	0.16211729843671333	0.6776357044414674	0.16024699712181964	1
Q9BYP7/WNK3/D294A	0.1574747297979213	0.2668708258799854	0.5756544443220936	2
O75385/ULK1/K46I	0.1911001774659887	0.49556670156964855	0.31333312096436244	1
Q9BQI3/EIF2AK1/I448V	0.29902982744731516	0.4306893407337419	0.2702808318189428	1
Q9BQI3/EIF2AK1/K558R	0.3037620803411228	0.38184070842553963	0.3143972112333375	1
Q9UM73/ALK/R1275Q	0.15083462671737724	0.28032813294596975	0.5688372403366528	2
P21860/ERBB3/T787P	0.25505946161436344	0.46864205261830383	0.27629848576733307	1
P21860/ERBB3/V899M	0.41038423527969753	0.35902669624264566	0.23058906847765695	0
P21860/ERBB3/K742M	0.15631977007325493	0.5640462167165949	0.27963401321015	1
P21860/ERBB3/Y868E	0.2632150154758878	0.5081245130774203	0.22866047144669185	1
P21860/ERBB3/T873S	0.34432476820250957	0.3813217976798031	0.27435343411768726	1
P21860/ERBB3/Q932R	0.26984934731637045	0.3108172034304163	0.4193334492532133	2
P42685/FRK/K262R	0.32636945799945993	0.37536668723797234	0.2982638547625675	0
Q09013/DMPK/K100A	0.305637478471365	0.4440716696563945	0.2502908518722404	1
P50613/CDK7/K41A	0.3280874001866528	0.405984850118341	0.265927749695006	0
P50613/CDK7/T170A	0.21064453065485053	0.43866496786385695	0.35069050148129266	1
P50613/CDK7/T285M	0.24060769962697992	0.45862706978432805	0.3007652305886921	1
P51813/BMX/Y566F	0.3176024671035407	0.32972108402814954	0.35267644886830973	1
P31751/AKT2/R274H	0.22914962156192653	0.46497021529413574	0.3058801631439377	1
Q9NR20/DYRK4/K133R	0.32373545977536056	0.35652396645463613	0.31974057377000326	1
Q9NR20/DYRK4/Y264F	0.2962457297041535	0.3663324455798649	0.33742182471598164	0
Q9NR20/DYRK4/N189S	0.3188123524442091	0.43084633941910405	0.2503413081366869	1
Q92630/DYRK2/K251R	0.2754064407865317	0.34510714541307075	0.37948641380039755	2
Q92630/DYRK2/H245N	0.33704546667641827	0.4182961625008667	0.2446583708227149	1
Q9UIK4/DAPK2/K52A	0.3864187102868309	0.38082034002133225	0.23276094969183678	1
P54753/EPHB3/K665R	0.3445939038782973	0.34633935176817254	0.30906674435353026	1
Q8TDC3/BRSK1/K59A	0.27036883529225225	0.35522443300284523	0.3744067317049025	2
Q8TDC3/BRSK1/T189A	0.16964814543551426	0.5514828112801209	0.27886904328436485	1
Q8TDC3/BRSK1/T189E	0.23203013470174486	0.39018063130157593	0.3777892339966793	2
P53355/DAPK1/K42A	0.3902196790316495	0.39026194965533806	0.21951837131301244	1
Q9BZL6/PRKD2/D695A	0.10611006058114734	0.5342351094516846	0.3596548299671681	1
Q9BZL6/PRKD2/Y717F	0.2578108889424543	0.4413449455026286	0.3008441655549171	1
P41743/PRKCI/K274W	0.24711426982212228	0.4856011075251516	0.26728462265272623	1
P49137/MAPKAPK2/S272D	0.23414678100545333	0.4436790122681038	0.32217420672644304	1
P49137/MAPKAPK2/T222D	0.2397926592245371	0.42934082450178607	0.3308665162736769	1
P49137/MAPKAPK2/K93R	0.39091080761908403	0.3134550043342087	0.2956341880467072	0
P49137/MAPKAPK2/D207A	0.10292740863978629	0.5326186583264105	0.3644539330338032	1
P49137/MAPKAPK2/T222A	0.21842695756256103	0.505612864335406	0.2759601781020332	1
P49137/MAPKAPK2/S272A	0.2698036695058052	0.35972271675578144	0.37047361373841353	2
Q8IW41/MAPKAPK5/S212D	0.28947085036110975	0.3704277629924473	0.34010138664644296	1
Q8IW41/MAPKAPK5/T182D	0.25041716539353354	0.35882582285684445	0.39075701174962213	1
Q8IW41/MAPKAPK5/K51M	0.2622318995916773	0.40974704799900485	0.3280210524093179	1
Q6P0Q8/MAST2/I659M	0.2894219046066754	0.3000151703414411	0.4105629250518836	2
O75582/RPS6KA5/D195A	0.10661095754361384	0.5894345172161563	0.3039545252402301	1
O75582/RPS6KA5/D565A	0.12502719466711865	0.43741796430437985	0.4375548410285017	1
O75582/RPS6KA5/T581A	0.19829889111737437	0.5026609527175845	0.2990401561650413	1
O75582/RPS6KA5/S212A	0.3388199650914156	0.4643832491246169	0.19679678578396753	0
Q99683/MAP3K5/K709M	0.20443494040814683	0.37493641035263436	0.420628649239219	2
Q99683/MAP3K5/K709R	0.28201956027230135	0.3715680269964902	0.3464124127312083	1
P20794/MAK/G13S	0.5907681266564113	0.25336175340057565	0.15587011994301286	0
P20794/MAK/N130H	0.3579941518901184	0.41168898145851357	0.2303168666513679	1
P20794/MAK/K33R	0.26120733772181753	0.34219282132331413	0.39659984095486833	2
P20794/MAK/T157A	0.3445474569435802	0.3189060197458676	0.33654652331055224	0
P20794/MAK/Y159F	0.17464283049347246	0.47691431811993307	0.34844285138659453	1
P08581/MET/H1094L	0.2530945230564472	0.41851333187309187	0.3283921450704607	1
P08581/MET/H1094Y	0.27025573396421626	0.4116719870963014	0.3180722789394823	1
P08581/MET/H1106D	0.3971614651134394	0.3286006093264707	0.27423792556008975	0
P08581/MET/V1092I	0.24163734929820865	0.30677804139350706	0.4515846093082842	2
P08581/MET/Y1230D	0.20494530798367414	0.5124478828345695	0.28260680918175607	1
P08581/MET/Y1234C	0.17489412644772556	0.545070615231435	0.2800352583208394	1
P08581/MET/N1100Y	0.28155529032563953	0.38691132015971325	0.3315333895146474	1
O76039/CDKL5/A40V	0.29678401648285135	0.3197257510147675	0.38349023250238107	2
O76039/CDKL5/C152F	0.3970351447120535	0.4440136002409166	0.15895125504702987	1
O76039/CDKL5/L220P	0.30174929192231115	0.5249783779669395	0.17327233011074944	1
Q15835/GRK1/K219A	0.30131776881228395	0.446678058686323	0.25200417250139306	1
P08069/IGF1R/R1256S	0.23940276071760802	0.5986688838856202	0.16192835539677194	1
P08069/IGF1R/K1033A	0.22230068759748317	0.40483192214706565	0.3728673902554514	2
O43683/BUB1/K821A	0.2961616942881838	0.4570189612262335	0.24681934448558296	1
Q96GD4/AURKB/K106R	0.3048579116906196	0.3879449819967276	0.30719710631265285	1
Q96GD4/AURKB/K215Q	0.3685738551908151	0.39599114960113496	0.23543499520805	1
Q96GD4/AURKB/K215R	0.4671122429905221	0.3119127285238199	0.2209750284856577	0
Q96GD4/AURKB/M298T	0.44557973027845593	0.37378483952400954	0.18063543019753447	1
Q16644/MAPKAPK3/K73M	0.2694427802840793	0.4285631343179386	0.301994085397982	1
Q8IVH8/MAP4K3/K48E	0.4090588632009091	0.326318601283791	0.26462253551529996	0
Q8IVH8/MAP4K3/K45E	0.26477345401696156	0.43821810376141124	0.2970084422216272	1
P22607/FGFR3/K650D	0.33926592566614516	0.4203091114534631	0.24042496288039164	1
P22607/FGFR3/K650E	0.3138888970427565	0.32051464111897815	0.3655964618382654	1
P22607/FGFR3/K650L	0.32749839981686335	0.4240961253194828	0.2484054748636539	1
P22607/FGFR3/K508A	0.3564192124964475	0.4113718902224799	0.23220889728107277	1
P22607/FGFR3/Y724F	0.28923281561379804	0.407030021051873	0.3037371633343289	1
P22607/FGFR3/K650M	0.3386960946271176	0.3887450107458414	0.2725588946270411	1
P22607/FGFR3/K650Q	0.46837039314365086	0.26000357981534594	0.27162602704100314	0
P22607/FGFR3/Y577F	0.3054538476606839	0.3397334825548149	0.35481266978450143	1
Q9Y463/DYRK1B/D239A	0.21729686396931888	0.5104236786930174	0.27227945733766384	1
O00311/CDC7/F162L	0.2880135799962639	0.4496389525060037	0.26234746749773213	1
O00311/CDC7/K441R	0.31965977720330896	0.36903713295920476	0.3113030898374862	1
O43293/DAPK3/T112M	0.2797593810754706	0.34879687968424283	0.3714437392402868	2
O43293/DAPK3/D161N	0.3568046331641076	0.30456228529890333	0.33863308153698896	0
O43293/DAPK3/P216S	0.2700249009017652	0.3002706189619634	0.4297044801362715	2
O43293/DAPK3/K42A	0.4291629024513228	0.3519547675742014	0.2188823299744761	0
O43293/DAPK3/D161A	0.1374607345966438	0.4033354570653249	0.4592038083380315	1
O43293/DAPK3/T180A	0.3335407585581912	0.3979958712874518	0.26846337015435723	1
O43293/DAPK3/T225A	0.40997194456800046	0.33281875504242175	0.2572093003895777	0
O43293/DAPK3/T265A	0.2593601726007835	0.4127000426586294	0.32793978474058716	1
P54762/EPHB1/K651R	0.3445939038782973	0.34633935176817254	0.30906674435353026	1
P54762/EPHB1/Y778F	0.3011406936010211	0.30682074007484234	0.3920385663241365	2
P17252/PRKCA/V568I	0.38669234967665417	0.3871875774210294	0.22612007290231628	1
Q15139/PRKD1/K612W	0.1919386732900878	0.4717437144762309	0.3363176122336812	1
Q15139/PRKD1/R603H	0.25745993683330365	0.45084967396325043	0.2916903892034459	1
Q04759/PRKCQ/K409A	0.30392903933702803	0.3813170175604092	0.3147539431025626	2
Q04759/PRKCQ/T538A	0.1853434996462346	0.5594396416950853	0.2552168586586803	1
Q04759/PRKCQ/K409E	0.308642022298111	0.38708850184352156	0.30426947585836733	1
Q8NFD2/ANKK1/A239T	0.2778861504982457	0.37837082649499965	0.34374302300675474	1
Q8NFD2/ANKK1/P276L	0.6426967342190611	0.23517923909358177	0.12212402668735722	0
P36888/FLT3/D835E	0.34441116739730077	0.3523681317816228	0.3032207008210765	1
P36888/FLT3/D835N	0.4084614802183669	0.3130675582041566	0.2784709615774766	0
P36888/FLT3/K644A	0.2513443604924754	0.4707133384870002	0.2779423010205245	1
P43405/SYK/M450I	0.25584233623992303	0.43865228083354535	0.30550538292653184	1
P43405/SYK/S550F	0.37593978333504025	0.3674327181502243	0.2566274985147352	0
P43405/SYK/S550Y	0.3081357173926101	0.4189247332762139	0.2729395493311759	1
P43405/SYK/Y630F	0.29230240358457205	0.42863137873874335	0.2790662176766847	1
P80192/MAP3K9/K171A	0.3007873938035972	0.47109118841751324	0.22812141777888947	1
P80192/MAP3K9/T304A	0.2502657598268631	0.4173712904955408	0.3323629496775963	1
P80192/MAP3K9/S308A	0.26798316993709353	0.49315404820134306	0.23886278186156343	1
P80192/MAP3K9/T312A	0.2234683859930873	0.4371575816234794	0.33937403238343344	1
P80192/MAP3K9/T305A	0.28228913666824285	0.49195801087361235	0.2257528524581447	1
P29317/EPHA2/R721Q	0.29051324523254035	0.3893751323896908	0.32011162237776863	1
P29317/EPHA2/K646M	0.20221009060903167	0.3920186345100925	0.405771274880876	2
P29317/EPHA2/D739N	0.19774652285149563	0.4847432329725595	0.31751024417594503	1
P29317/EPHA2/R876H	0.3182412516190135	0.3469411229852146	0.33481762539577203	1
P29317/EPHA2/M631T	0.2977411559828137	0.43857334478389576	0.26368549923329054	1
P00533/EGFR/G719S	0.26446214114242556	0.5301751741988769	0.20536268465869775	1
P00533/EGFR/L858R	0.1624900342044619	0.6274030221146225	0.21010694368091598	1
P00533/EGFR/L861Q	0.44535485901989025	0.31884535697512295	0.23579978400498677	0
P00533/EGFR/S768I	0.2577679762253488	0.44398787756921637	0.2982441462054348	1
P00533/EGFR/K745A	0.24533086193919598	0.45132826212787724	0.30334087593292675	1
P00533/EGFR/K745M	0.1361372598812985	0.5508949273801865	0.3129678127385148	1
Q9Y6R4/MAP3K4/K1372R	0.3068790927858501	0.3695537833997192	0.32356712381443054	1
P34947/GRK5/K215R	0.30657044780202214	0.37192237207469847	0.32150718012327945	2
P34947/GRK5/R304H	0.21979920779306616	0.28687035675073935	0.4933304354561947	2
P22455/FGFR4/K503R	0.3038534721793239	0.35154768653872176	0.3445988412819543	1
O43781/DYRK3/S350E	0.5635841928442855	0.1840834252601807	0.25233238189553386	0
O43781/DYRK3/K238M	0.16428228481243196	0.5588374455572558	0.2768802696303123	1
O43781/DYRK3/S350A	0.5662142421212526	0.18622513261259308	0.24756062526615433	0
O43781/DYRK3/S350D	0.3844962379714476	0.24415525890375409	0.37134850312479806	2
O14578/CIT/G106V	0.30938705010531103	0.43664428926634846	0.2539686606283406	1
O14578/CIT/K126Q	0.29124682397332685	0.40129753631627874	0.3074556397103944	1
O14578/CIT/D230V	0.18446825626831806	0.3422361491295442	0.4732955946021377	2
P11362/FGFR1/K618N	0.25412663554312975	0.357948503460354	0.3879248609965162	2
P11362/FGFR1/K514A	0.33855710341429524	0.4168937284104884	0.24454916817521646	1
P11362/FGFR1/D623A	0.18584962111587672	0.5384832315932386	0.2756671472908849	1
P11362/FGFR1/R577E	0.39592932249580715	0.35828261493040164	0.2457880625737911	0
P11362/FGFR1/Y654F	0.34105178730995744	0.33184467592381084	0.3271035367662317	1
P11362/FGFR1/K656E	0.29688112088592056	0.30065102498081797	0.4024678541332616	2
P19525/EIF2AK2/K296R	0.282749089666032	0.3493193226800291	0.36793158765393885	1
P19525/EIF2AK2/T446A	0.24337303221440146	0.4809853842569434	0.27564158352865525	1
P19525/EIF2AK2/T451A	0.2771954051485441	0.4400167102598324	0.2827878845916234	1
P19525/EIF2AK2/S461C	0.23565915852566546	0.36613129340017386	0.3982095480741606	1
P06241/FYN/D506E	0.2574157647930204	0.3657856119816719	0.3767986232253079	1
P54760/EPHB4/K650N	0.2751933907378289	0.4043215562034106	0.3204850530587606	1
P54760/EPHB4/E664K	0.31826174583203654	0.28174156802525036	0.3999966861427133	0
P54760/EPHB4/R739Q	0.24355164166147855	0.49939020387427147	0.25705815446424973	1
P54760/EPHB4/I782S	0.4860570607575456	0.35810267897453024	0.15584026026792405	0
P54760/EPHB4/R838W	0.2760180979095781	0.4538082167201784	0.27017368537024344	1
P54760/EPHB4/C845R	0.6590697479018529	0.22143244102342777	0.1194978110747194	0
P54760/EPHB4/R864W	0.5493202958548155	0.2938885414038609	0.15679116274132376	0
P54760/EPHB4/F867L	0.29375288832996976	0.42037868630510816	0.2858684253649219	1
P54760/EPHB4/A882T	0.47536948689639386	0.2983805196739929	0.22624999342961288	0
P41279/MAP3K8/T290A	0.314033543079385	0.41428982586125307	0.2716766310593619	1
P41279/MAP3K8/T290D	0.2889634512613211	0.39586785682071146	0.3151686919179674	1
P41279/MAP3K8/T290E	0.3268213101856087	0.40492291911111694	0.2682557707032745	1
Q9P0L2/MARK1/T215E	0.4535046531529529	0.23969296227527956	0.3068023845717675	2
Q9P0L2/MARK1/T215A	0.170563182183393	0.4914733701652639	0.33796344765134345	2
Q7KZI7/MARK2/T208A	0.1779071535041034	0.49328368769374037	0.3288091588021566	1
P23443/RPS6KB1/K167N	0.443284407657985	0.2941125856966581	0.2626030066453569	0
P53778/MAPK12/D179A	0.17176550945580957	0.5458322051364174	0.2824022854077729	1
P53778/MAPK12/Y185F	0.14908564408590105	0.3884951948031655	0.4624191611109334	1
Q02156/PRKCE/K437W	0.22673699804641706	0.3778315257055496	0.39543147624803326	2
Q02156/PRKCE/T566A	0.21433435623643557	0.535178105650338	0.25048753811322666	1
Q02156/PRKCE/T563M	0.26022650411573284	0.49168009032552307	0.24809340555874396	1
Q02156/PRKCE/A654T	0.30275728434411875	0.4040272725209499	0.2932154431349315	1
P53667/LIMK1/T508E	0.4179599733817811	0.3758024021370253	0.20623762448119362	1
P53667/LIMK1/T508A	0.25290322606811044	0.4957637250004905	0.25133304893139913	1
P53667/LIMK1/T508V	0.3258421671531332	0.38048443256198783	0.29367340028487904	1
P53667/LIMK1/D460N	0.1618184992133368	0.5243349209448275	0.3138465798418359	1
P53667/LIMK1/D460A	0.18435100265568713	0.4613889475001154	0.35426004984419757	2
Q9H2X6/HIPK2/K228A	0.3128265180941315	0.546131932258232	0.14104154964763643	1
Q9H2X6/HIPK2/K228R	0.4023858358031728	0.30351327172234066	0.2941008924744866	2
P11801/PSKH1/D218A	0.14034225636238898	0.5860360007277248	0.2736217429098868	1
Q96QS6/PSKH2/R79K	0.3595452218071374	0.336434655477694	0.30402012271516876	0
Q96QS6/PSKH2/Q132R	0.4252901973356585	0.34762454089869055	0.22708526176565094	1
Q96QS6/PSKH2/A176S	0.32064638469941803	0.275840904269901	0.4035127110306813	2
Q96QS6/PSKH2/G211R	0.373467206815176	0.37744054205110467	0.24909225113371947	1
Q96QS6/PSKH2/T225A	0.3120240252797676	0.42108773935417376	0.26688823536605877	1
Q96QS6/PSKH2/S266R	0.33746603522327784	0.3216905572435629	0.3408434075331592	0
Q96L34/MARK4/T214E	0.48433780953042527	0.23000396667417033	0.28565822379540434	0
Q96L34/MARK4/T214A	0.1720741326505816	0.5128837465527168	0.31504212079670185	1
Q02779/MAP3K10/P168Q	0.28394589423703553	0.3619390779730368	0.35411502778992754	1
O43318/MAP3K7/K63W	0.16947972790304974	0.5973585327045741	0.23316173939237622	1
Q8NER5/ACVR1C/K222R	0.36195678874819576	0.34635316198367777	0.29169004926812664	0
Q8NER5/ACVR1C/I482V	0.32935212466007135	0.38718884148260224	0.28345903385732646	1
P37023/ACVRL1/G211D	0.518972912815682	0.27966203849649784	0.20136504868782004	0
P37023/ACVRL1/G211S	0.5830911546335884	0.2504324563933961	0.16647638897301553	0
P37023/ACVRL1/A306P	0.2609069471854523	0.40820501007697196	0.33088804273757577	2
P37023/ACVRL1/L313V	0.3280601785220278	0.43471773037797107	0.2372220911000012	1
P37023/ACVRL1/H314Y	0.22555340980511493	0.5568734831549489	0.21757310703993618	1
P37023/ACVRL1/P378S	0.32642779127897403	0.2772909882140471	0.3962812205069792	2
P37023/ACVRL1/E379D	0.401978028874109	0.30976982799236125	0.2882521431335298	0
P37023/ACVRL1/E379K	0.18226917519315788	0.3865549722774005	0.4311758525294416	2
P37023/ACVRL1/V404G	0.24733510947135579	0.5576274519856633	0.1950374385429808	1
P37023/ACVRL1/R411W	0.19274571850005015	0.3306486994334454	0.47660558206650433	2
Q12866/MERTK/Q662E	0.32334363841281577	0.38241720273020763	0.29423915885697666	1
P00519/ABL1/A337T	0.2937687260885619	0.39500338657512235	0.3112278873363159	1
P00519/ABL1/K247R	0.2646064460837146	0.4233916688910383	0.3120018850252471	1
P16591/FER/K591R	0.2707432302087922	0.39119412349422	0.3380626462969877	1
Q76MJ5/ERN2/K548A	0.2565941254697652	0.5393743740223441	0.20403150050789054	1
Q9UQM7/CAMK2A/P212Q	0.2534269865224571	0.3429107995282847	0.4036622139492583	2
Q9UQM7/CAMK2A/F98S	0.5381274118677637	0.30090990033375875	0.16096268779847783	0
Q9UQM7/CAMK2A/E109D	0.3024643731281952	0.37500583960356004	0.322529787268245	1
Q9UQM7/CAMK2A/E183V	0.1899957776312143	0.3806287155739945	0.42937550679479114	1
Q8TF76/HASPIN/E492A	0.3184164950209358	0.41790320944434783	0.2636802955347163	1
Q8TF76/HASPIN/K511A	0.32400130468577687	0.5302374389652638	0.14576125634895937	1
Q8TF76/HASPIN/H651A	0.29361446629405413	0.4199904837846799	0.2863950499212659	1
P49336/CDK8/V27L	0.28655474740245335	0.27403750298200047	0.43940774961554596	2
P49336/CDK8/R29G	0.4184058474767179	0.36312853663168065	0.21846561589160135	0
P49336/CDK8/G30S	0.4508344437859092	0.379477132586224	0.16968842362786662	1
P49336/CDK8/S62L	0.27976352005959104	0.40920582171132525	0.3110306582290838	1
P49336/CDK8/R178Q	0.21877832925934354	0.43407243466937756	0.3471492360712788	1
P49336/CDK8/V193G	0.2702220236839208	0.5117316032068029	0.21804637310927624	1
P49336/CDK8/I223M	0.32201394057969096	0.40037870963753447	0.2776073497827746	1
P49336/CDK8/D173A	0.10991337256289162	0.3562540159873961	0.5338326114497124	2
P15056/BRAF/G464V	0.2937151818678067	0.5457770927940843	0.16050772533810892	1
P15056/BRAF/G469A	0.2415986441421518	0.48028536197453364	0.2781159938833144	1
P15056/BRAF/L597V	0.26141341278254576	0.5392015922175308	0.1993849949999237	1
P15056/BRAF/R671K	0.2133472063264201	0.32633246927801673	0.4603203243955632	1
P15056/BRAF/K483S	0.27060088466038495	0.4691956234094732	0.260203491930142	1
P15056/BRAF/R509H	0.3117228595238864	0.3857196241233916	0.3025575163527219	1
P15056/BRAF/K578R	0.20357881805636516	0.2977588191124226	0.4986623628312121	2
P15056/BRAF/I666R	0.3730836721123721	0.3836693689957987	0.24324695889182912	1
P15056/BRAF/V600F	0.5345632305892561	0.22937282561256375	0.23606394379817983	0
P15056/BRAF/V600K	0.34267047337195033	0.24345216180124007	0.41387736482680926	2
O43283/MAP3K13/K195A	0.27257879471959146	0.4809943972200532	0.24642680806035544	1
Q14680/MELK/D150A	0.0767006025084559	0.3522211665556043	0.57107823093594	2
Q14680/MELK/T167A	0.2157517942829077	0.5114004908626036	0.2728477148544888	1
Q14680/MELK/S171A	0.4480629170568758	0.30874635298324465	0.2431907299598797	0
Q14680/MELK/Y163F	0.2702395326952127	0.40183362920761206	0.3279268380971751	1
Q14680/MELK/T167E	0.2973457386104229	0.32894619393935215	0.373708067450225	2
Q14680/MELK/S171D	0.313205805673866	0.4068624887890993	0.27993170553703484	1
Q14680/MELK/K219R	0.261522940350813	0.4075828647435239	0.3308941949056629	1
P06213/INSR/E1206D	0.43404041301539714	0.2964895547876239	0.26947003219697907	0
P06213/INSR/W1220L	0.4924459831510888	0.3524114550385674	0.15514256181034383	0
P06213/INSR/K1057M	0.16564494433249582	0.5141106438021059	0.32024441186539826	1
P06213/INSR/D1159N	0.16774985386713595	0.49175626516508425	0.3404938809677799	1
P06213/INSR/R1163Q	0.19111708978452271	0.3942043415611212	0.4146785686543561	2
P06213/INSR/I1143T	0.25841438231637776	0.4921712567900945	0.24941436089352806	1
P06213/INSR/R1158W	0.15753392133290858	0.5986519105025107	0.2438141681645808	1
P06213/INSR/K1057A	0.223683972079224	0.4128218668769354	0.3634941610438409	2
P06213/INSR/K1057R	0.2763722971021794	0.4029305287434329	0.32069717415438753	1
O96013/PAK4/S445N	0.2939339853163293	0.45768828945318624	0.24837772523048435	1
O96013/PAK4/S474E	0.22142787883985487	0.40023327187846597	0.3783388492816792	1
P22612/PRKACG/I74M	0.2429322623343831	0.35806953735911196	0.39899820030650496	2
P22612/PRKACG/H268D	0.5151842440943496	0.34136821406494194	0.14344754184070851	0
Q8NE63/HIPK4/R302Q	0.38014716040162716	0.314337776768274	0.30551506283009866	0
Q9HBH9/MKNK2/D228G	0.262130586197995	0.5335740631603678	0.20429535064163712	1
P48730/CSNK1D/T44A	0.30341911181833886	0.39844451378005535	0.29813637440160606	1
P48730/CSNK1D/H46R	0.28823062226485086	0.4657786775274742	0.24599070020767486	1
P48730/CSNK1D/K38M	0.1744648824130912	0.5748949447440573	0.2506401728428514	1
P48730/CSNK1D/T176I	0.23920670355516777	0.47877711443966187	0.28201618200517037	1
Q96S44/TP53RK/T129A	0.28142308616632233	0.400419628773455	0.3181572850602227	1
Q96S44/TP53RK/R123Q	0.2762879904494006	0.33786984619457405	0.38584216335602517	2
P51955/NEK2/S171D	0.3166424105318796	0.3959897880091535	0.28736780145896684	1
P51955/NEK2/T170E	0.3631759134520336	0.37429988932450414	0.2625241972234622	1
P51955/NEK2/T175E	0.24353090711446407	0.4514968075660689	0.30497228531946713	1
P51955/NEK2/K37R	0.34570032904754666	0.3660658246637164	0.2882338462887369	1
P51955/NEK2/D141A	0.14489965878902977	0.5080660787208265	0.3470342624901438	1
P51955/NEK2/T175A	0.18359841020656145	0.47604529671538676	0.3403562930780517	1
P51955/NEK2/T179A	0.4111001464637568	0.3374422247951738	0.25145762874106925	0
P51955/NEK2/T179E	0.3006660170997425	0.38617924956221317	0.3131547333380443	1
P51955/NEK2/S241A	0.2506249804887191	0.38079240669266295	0.3685826128186179	1
P51955/NEK2/S241D	0.25337958548334116	0.35485410095283043	0.3917663135638284	2
P52333/JAK3/K855A	0.23861547120417317	0.36571246588140277	0.39567206291442425	2
P52333/JAK3/Y904F	0.2365484587446741	0.4204899677764308	0.34296157347889505	1
P52333/JAK3/Y939F	0.27234077703655823	0.41086308322416604	0.31679613973927556	1
P07948/LYN/K275L	0.24134391164905009	0.4932953675534997	0.26536072079745004	1
P07948/LYN/Y397F	0.2789780051503971	0.30140859124427644	0.4196134036053262	2
P07948/LYN/K275A	0.2993368696487995	0.4679507587548223	0.23271237159637825	1
P07948/LYN/K275R	0.2937931860904753	0.3798173943583314	0.32638941955119305	1
Q8WTQ7/GRK7/E309Q	0.5069496133841471	0.21174540778203263	0.28130497883382	0
P07332/FES/K590E	0.2520165812269362	0.3924713165290807	0.35551210224398316	2
P07332/FES/M704V	0.2518461176938867	0.531875971497779	0.2162779108083345	1
P07332/FES/Y713F	0.24727439562371503	0.47669577160578736	0.2760298327704974	1
P07332/FES/V743M	0.2910784169037219	0.44676792428188405	0.2621536588143941	1
P07332/FES/S759F	0.2473172375118676	0.3081449940815357	0.44453776840659676	2
O75460/ERN1/K599A	0.2543198546957636	0.5408189679215452	0.2048611773826912	1
Q8IY84/NIM1K/T229A	0.19434163303705654	0.5517340211368923	0.2539243458260513	1
Q8IY84/NIM1K/T229E	0.2560513039957377	0.42636008301934547	0.31758861298491675	1
Q6ZWH5/NEK10/K548R	0.33400221261983953	0.3301768137678399	0.3358209736123206	2
Q6ZWH5/NEK10/N659S	0.21333084996031385	0.5171136466586798	0.2695555033810063	1
Q6ZWH5/NEK10/L701V	0.5335369290017503	0.25702496665147306	0.2094381043467766	0
Q6P3R8/NEK5/K255Q	0.3505409940879639	0.36679888461953014	0.28266012129250595	1
P10721/KIT/D816F	0.3995225407018067	0.3442024063381035	0.2562750529600897	1
P10721/KIT/D816I	0.45174842676203075	0.28589708400558833	0.262354489232381	0
P10721/KIT/D816Y	0.35066284171422624	0.3996451399927634	0.24969201829301046	1
P10721/KIT/N822I	0.2501639179759819	0.3525524439696875	0.39728363805433053	2
P10721/KIT/E839K	0.25897566509104464	0.37615288572830907	0.36487144918064646	1
P10721/KIT/D816V	0.32863784503171045	0.26414855706911583	0.4072135978991737	2
P10721/KIT/Y823F	0.42644673523007987	0.30016130711702815	0.27339195765289176	0
Q86Z02/HIPK1/K219A	0.3242499894593692	0.5346838274915939	0.14106618304903681	1
Q86Z02/HIPK1/D315N	0.39617266830221	0.3053463086710865	0.29848102302670365	0
Q5S007/LRRK2/I2020T	0.22338556876016377	0.6036970574845908	0.17291737375524574	1
Q5S007/LRRK2/T2031S	0.4140727009979409	0.35687826852638177	0.22904903047567746	0
Q5S007/LRRK2/D1994A	0.21340288744259112	0.515008171047748	0.27158894150966106	1
Q5S007/LRRK2/K1906A	0.24951048807774773	0.5182187759173326	0.23227073600491988	1
Q5S007/LRRK2/D1994N	0.2632656997466739	0.3145297424979082	0.4222045577554179	2
Q5S007/LRRK2/D2017A	0.12169913117850728	0.484890166858411	0.3934107019630816	1
Q5S007/LRRK2/G2019S	0.5144318312379859	0.33366574924144665	0.15190241952056766	0
Q9UF33/EPHA6/A711V	0.2602710477386688	0.42954660451056736	0.3101823477507637	1
Q06187/BTK/K430E	0.2860681744608049	0.4253825871958953	0.2885492383432997	1
Q06187/BTK/Y551F	0.2887992076488842	0.330148389549117	0.3810524028019986	2
Q06187/BTK/R520Q	0.26036740277932535	0.5039389965275978	0.23569360069307677	1
Q06187/BTK/R525Q	0.2382537137643448	0.4414363283150296	0.3203099579206254	1
Q06187/BTK/E589G	0.22405458749524748	0.4911342163958213	0.28481119610893135	1
Q06187/BTK/G594E	0.4980120678048238	0.3024417882206491	0.19954614397452705	0
Q06187/BTK/G613D	0.4789273742677637	0.2894779695181211	0.23159465621411518	0
Q06187/BTK/Y617E	0.32261758221378023	0.45156346137457787	0.2258189564116419	1
Q8IU85/CAMK1D/T180A	0.16022044405805413	0.5679537814620149	0.2718257744799311	1
Q8IU85/CAMK1D/K52A	0.26605458744304844	0.44733989146414205	0.28660552109280957	1
Q8IU85/CAMK1D/I66M	0.4048711981545257	0.28841697070120254	0.30671183114427175	0
O60285/NUAK1/K84A	0.37422311723962326	0.3880739765526269	0.23770290620774973	1
O60285/NUAK1/T211A	0.3156759322469458	0.44990773861471306	0.23441632913834132	0
P51956/NEK3/H23L	0.3657938954187206	0.3222179703387395	0.3119881342425398	0
P51956/NEK3/R122H	0.31707798830554523	0.3762967383752286	0.30662527331922634	1
P08631/HCK/K290E	0.2818857897402257	0.4260342163527103	0.29207999390706385	1
P08631/HCK/E305A	0.22965910060475966	0.4052995681876868	0.3650413312075536	1
P08631/HCK/D381E	0.24078339538863122	0.5204709005188799	0.23874570409248894	1
P08631/HCK/Y411A	0.36875714058370734	0.44254755312908095	0.18869530628721162	1
Q9NYL2/MAP3K20/K45M	0.154262285292176	0.5728096839441544	0.2729280307636694	1
Q9NYL2/MAP3K20/T161A	0.30963224476883694	0.43088689572122946	0.25948085950993355	1
Q9NYL2/MAP3K20/T162A	0.45538543322490027	0.28407825433312106	0.2605363124419785	0
Q9NYL2/MAP3K20/S165A	0.2286148185232452	0.47817991347230937	0.2932052680044456	1
Q6ZN16/MAP3K15/G838S	0.5679871881694021	0.28964310861299536	0.14236970321760262	0
Q9Y4K4/MAP4K5/K49R	0.3173474056626183	0.34803070070518904	0.3346218936321926	2
O15111/CHUK/S176E	0.32112796610913724	0.2023996885508913	0.47647234533997124	2
O15111/CHUK/T23A	0.2754847483133399	0.45337666307613306	0.2711385886105271	1
O15111/CHUK/K44A	0.3034953631053794	0.44503822861080367	0.25146640828381706	1
O15111/CHUK/K44M	0.24388563331707996	0.4341153788507502	0.32199898783216974	1
O15111/CHUK/S176A	0.36004135906520063	0.20696861165261182	0.43299002928218755	2
O15111/CHUK/V268I	0.40474718794457765	0.26379011593707324	0.3314626961183491	2
O15111/CHUK/V155A	0.43317154850526485	0.3273092561140784	0.23951919538065664	0
Q16566/CAMK4/K75E	0.3160566022188872	0.3624803683569779	0.32146302942413485	1
Q16566/CAMK4/T200A	0.20054172372337298	0.5363676798451502	0.2630905964314769	1
Q16566/CAMK4/S189A	0.4664170270700435	0.28222626820418373	0.25135670472577265	0
P53671/LIMK2/T505E	0.48234306239351193	0.2664188003238186	0.2512381372826693	0
P53671/LIMK2/T505V	0.27245019366055157	0.32649272404457363	0.4010570822948749	2
P53671/LIMK2/D451A	0.19946236415570173	0.5454377531021453	0.2550998827421532	1
Q96GX5/MASTL/K72M	0.30092843096770894	0.37468527928418965	0.32438628974810135	1
P28482/MAPK1/I74N	0.49868246270820166	0.307493167160979	0.1938243701308193	0
P28482/MAPK1/H80Y	0.20987820871068177	0.476151032962537	0.3139707583267812	1
P28482/MAPK1/A174V	0.485010077950693	0.3004281510547225	0.21456177099458426	0
P28482/MAPK1/D318G	0.20226256433432904	0.3764966382769996	0.42124079738867154	2
P28482/MAPK1/D318A	0.20053264306991586	0.40627301794628773	0.39319433898379635	1
Q9NRM7/LATS2/K697A	0.5001098095359822	0.33133021043936806	0.16855998002464997	0
Q9NRM7/LATS2/S872A	0.3085174653728158	0.48774253774753645	0.20373999687964772	1
Q38SD2/LRRK1/K1270W	0.1580389826172407	0.5854602881639233	0.256500729218836	1
Q38SD2/LRRK1/I1412T	0.23110740045244413	0.5919465706214365	0.17694602892611955	1
O60674/JAK2/R867Q	0.3183903849559263	0.40380418104299287	0.277805434001081	1
O60674/JAK2/R1063H	0.27497812239352276	0.3342108584793955	0.39081101912708194	2
Q13163/MAP2K5/K195M	0.25053101153913504	0.4154257407849476	0.3340432476759173	1
Q13163/MAP2K5/S311A	0.2663749424279805	0.4154939433360091	0.3181311142360108	1
Q13163/MAP2K5/T315A	0.18203225089296002	0.45411140621182255	0.3638563428952176	2
Q04912/MST1R/R1335G	0.2904376831376658	0.3740002292062599	0.33556208765607415	1
Q01974/ROR2/D482G	0.40440309262612084	0.43540536668346536	0.16019154069041366	1
Q01974/ROR2/R530Q	0.2119502228293107	0.3012669561533018	0.48678282101738746	2
Q01974/ROR2/G695R	0.4970348581312378	0.27568964064691603	0.22727550122184595	0
Q16513/PKN2/T816A	0.16926706661169477	0.5279649059645588	0.3027680274237468	1
Q02750/MAP2K1/M219V	0.27016537639775473	0.5056981942658142	0.2241364293364313	1
Q02750/MAP2K1/N221Y	0.2768893280053742	0.4090035663156004	0.3141071056790253	1
Q02750/MAP2K1/K97A	0.4710621301342766	0.32817725389165403	0.20076061597406952	0
Q02750/MAP2K1/K97R	0.2992934090189782	0.39222226411884514	0.3084843268621766	1
O43353/RIPK2/K47A	0.2897319872585005	0.4516734395359232	0.2585945732055764	1
O43353/RIPK2/D146N	0.205102695320807	0.5120657512875476	0.28283155339164545	1
O43353/RIPK2/K209R	0.3064710787636226	0.4055494521223263	0.28797946911405115	1
O43353/RIPK2/I259T	0.30080615064871824	0.43766652988659827	0.2615273194646833	1
O43353/RIPK2/L268V	0.3327244338107524	0.34672841233037666	0.32054715385887106	1
P57078/RIPK4/I121N	0.2740971187187237	0.4961566493763391	0.22974623190493723	1
P57078/RIPK4/T184I	0.2758688266438511	0.37970906321891007	0.34442211013723883	1
Q9H4B4/PLK3/K91R	0.34617266256581397	0.31724569334719865	0.33658164408698754	2
Q9H4B4/PLK3/D203A	0.1037139161486701	0.26684235704573367	0.6294437268055963	2
Q9H4B4/PLK3/T219E	0.33529647591464284	0.3562910927510988	0.30841243133425855	0
Q8WXR4/MYO3B/I275V	0.40780849224910404	0.31884426917735026	0.27334723857354565	0
Q8WXR4/MYO3B/R185H	0.3316979104892267	0.3491440758219839	0.3191580136887896	1
P36507/MAP2K2/P128Q	0.2707926119948237	0.3674630570076352	0.3617443309975413	1
P46734/MAP2K3/S218E	0.16820859656319662	0.29715749040806366	0.5346339130287394	2
P46734/MAP2K3/T222E	0.379778204253439	0.40647469224680877	0.21374710349975212	1
P46734/MAP2K3/S218A	0.2007420884332338	0.41021068507719943	0.38904722648956686	1
P46734/MAP2K3/T222A	0.26497912880069946	0.5123374652676332	0.2226834059316673	1
Q8NEV4/MYO3A/T178I	0.37418985719641207	0.36406108440189044	0.26174905840169765	0
P50750/CDK9/S175A	0.20502257447148098	0.4918950085849256	0.3030824169435937	1
P50750/CDK9/T186D	0.41794448196703626	0.3689327601544899	0.21312275787847373	0
P50750/CDK9/K44R	0.28531991231324744	0.45033233448387383	0.2643477532028786	1
P50750/CDK9/K48Q	0.23552739011348425	0.4359087972104536	0.32856381267606233	1
P50750/CDK9/K48R	0.25087007670206757	0.39925087940241916	0.3498790438955134	2
P50750/CDK9/S175D	0.19720487019260538	0.480592809197934	0.32220232060946086	1
P50750/CDK9/D167N	0.10761251127206155	0.30972475247448483	0.582662736253454	2
P50750/CDK9/T186A	0.22774378828881056	0.36591073734943164	0.4063454743617579	2
Q9P2K8/EIF2AK4/I441L	0.592679939064007	0.22268751322954294	0.18463254770645002	0
Q8TD08/MAPK15/K42R	0.31022676896445583	0.36708430871938175	0.32268892231616236	1
